鄉鎮市區,交易標的,土地位置建物門牌,土地移轉總面積平方公尺,都市土地使用分區,非都市土地使用分區,非都市土地使用編定,交易年月日,交易筆棟數,移轉層次,總樓層數,建物型態,主要用途,主要建材,建築完成年月,建物移轉總面積平方公尺,建物現況格局-房,建物現況格局-廳,建物現況格局-衛,建物現況格局-隔間,有無管理組織,總價元,單價元平方公尺,車位類別,車位移轉總面積平方公尺,車位總價元,備註,編號,主建物面積,附屬建物面積,陽台面積,電梯,移轉編號
The villages and towns urban district,transaction sign,land sector position building sector house number plate,land shifting total area square meter,the use zoning or compiles and checks,the non-metropolis land use district,non-metropolis land use,transaction year month and day,transaction pen number,shifting level,total floor number,building state,main use,main building materials,construction to complete the years,building shifting total area,Building present situation pattern - room,building present situation pattern - hall,building present situation pattern - health,building present situation pattern - compartmented,Whether there is manages the organization,total price NTD,the unit price (NTD / square meter),the berth category,berth shifting total area square meter,the berth total price NTD,the note,serial number,main building area,auxiliary building area,balcony area,elevator,transaction number
板橋區,房地(土地+建物),新北市板橋區僑中一街９２號三樓,22.01,住,,,1140203,土地1建物1車位0,三層,五層,公寓(5樓含以下無電梯),住家用,鋼筋混凝土造,,80.06,3,2,1,有,無,9020000,112666,,0.0,0,,RPVNMLNKKHKGFAF08DA,66.24,0.0,13.82,無,
土城區,土地,瑞興段627地號,0.37,住,,,1140206,土地1建物0車位0,,,其他,,,,0.0,0,0,0,無,無,86885,0,,0.0,0,,RPWNMLTKKHKGFAF78DA,0.0,0.0,0.0,無,001
土城區,土地,清水段877地號,74.75,住,,,1140213,土地1建物0車位0,,,其他,,,,0.0,0,0,0,無,無,15500000,207358,,0.0,0,,RPOQMLTKKHKGFAF28DA,0.0,0.0,0.0,無,002
泰山區,房地(土地+建物),新北市泰山區明志路三段２０４巷１０弄１５號二樓之五,5.13,住,,,1140211,土地1建物1車位0,二層,六層,華廈(10層含以下有電梯),住家用,鋼筋混凝土造,1101015,20.11,0,0,0,無,無,3850000,191447,,0.0,0,陽台外推；其他增建；,RPTNMLNKKHKGFBF97DA,9.69,0.0,1.54,有,003
新莊區,車位,新北市新莊區福德三街２３號,0.33,住,,,1140212,土地1建物1車位1,一層,十七層,其他,集合住宅,鋼筋混凝土造,1010710,32.37,0,0,0,無,有,1700000,,坡道平面,32.37,1700000,僅車位交易；,RPSNMLKLKHKGFBF67DA,0.0,0.0,0.0,有,004
三重區,土地,仁義段797地號,54.0,住,,,1140204,土地1建物0車位0,,,其他,,,,0.0,0,0,0,無,無,15000000,277778,,0.0,0,未登記建物；,RPVNMLTKKHKGFGF66DA,0.0,0.0,0.0,無,
永和區,房地(土地+建物),新北市永和區永和路一段６６號七樓,5.69,商,,,1140211,土地2建物1車位0,七層,十三層,住宅大樓(11層含以上有電梯),住家用,鋼筋混凝土造,0830529,71.64,2,2,1,有,有,15800000,220547,,0.0,0,陽台外推；其他增建；,RPRNMLRKKHKGFHF78DA,52.91,1.89,7.92,有,005
汐止區,房地(土地+建物),新北市汐止區大同路三段６１１號２７樓之５,8.73,住,,,1140214,土地1建物1車位0,二十七層,三十二層,住宅大樓(11層含以上有電梯),住家用,鋼筋混凝土造,0880203,93.53,3,2,1,有,有,7800000,83396,,0.0,0,,RPVNMLTKKHKGFDF09EA,63.48,0.0,7.79,有,
瑞芳區,土地,四腳亭段楓子瀨小段17-1地號,0.86,,山坡地保育區,交通用地,1140210,土地1建物0車位0,,,其他,,,,0.0,0,0,0,無,無,1813,0,,0.0,0,,RPPNMLOKKHKGFFF18EA,0.0,0.0,0.0,無,006
瑞芳區,土地,四腳亭段楓子瀨小段18-1地號,2.04,,山坡地保育區,交通用地,1140210,土地1建物0車位0,,,其他,,,,0.0,0,0,0,無,無,4328,2122,,0.0,0,,SPPNMLOKKHKGFFF28EA,0.0,0.0,0.0,無,007
瑞芳區,土地,四腳亭段楓子瀨小段19-1地號,0.8,,山坡地保育區,交通用地,1140210,土地1建物0車位0,,,其他,,,,0.0,0,0,0,無,無,1694,0,,0.0,0,,TPPNMLOKKHKGFFF38EA,0.0,0.0,0.0,無,008
瑞芳區,土地,四腳亭段楓子瀨小段17-1地號,0.86,,山坡地保育區,交通用地,1140210,土地1建物0車位0,,,其他,,,,0.0,0,0,0,無,無,1813,0,,0.0,0,,RPQNMLOKKHKGFFF28EA,0.0,0.0,0.0,無,006
瑞芳區,土地,四腳亭段楓子瀨小段18-1地號,2.04,,山坡地保育區,交通用地,1140210,土地1建物0車位0,,,其他,,,,0.0,0,0,0,無,無,4328,2122,,0.0,0,,SPQNMLOKKHKGFFF38EA,0.0,0.0,0.0,無,007
瑞芳區,土地,四腳亭段楓子瀨小段19-1地號,0.8,,山坡地保育區,交通用地,1140210,土地1建物0車位0,,,其他,,,,0.0,0,0,0,無,無,1694,0,,0.0,0,,TPQNMLOKKHKGFFF48EA,0.0,0.0,0.0,無,008
瑞芳區,土地,四腳亭段楓子瀨小段17-1地號,0.86,,山坡地保育區,交通用地,1140210,土地1建物0車位0,,,其他,,,,0.0,0,0,0,無,無,1813,0,,0.0,0,,RPRNMLOKKHKGFFF38EA,0.0,0.0,0.0,無,006
瑞芳區,土地,四腳亭段楓子瀨小段18-1地號,2.04,,山坡地保育區,交通用地,1140210,土地1建物0車位0,,,其他,,,,0.0,0,0,0,無,無,4328,2122,,0.0,0,,SPRNMLOKKHKGFFF48EA,0.0,0.0,0.0,無,007
瑞芳區,土地,四腳亭段楓子瀨小段19-1地號,0.8,,山坡地保育區,交通用地,1140210,土地1建物0車位0,,,其他,,,,0.0,0,0,0,無,無,1694,0,,0.0,0,,TPRNMLOKKHKGFFF58EA,0.0,0.0,0.0,無,008
瑞芳區,土地,四腳亭段楓子瀨小段17-1地號,0.86,,山坡地保育區,交通用地,1140210,土地1建物0車位0,,,其他,,,,0.0,0,0,0,無,無,1813,0,,0.0,0,,RPSNMLOKKHKGFFF48EA,0.0,0.0,0.0,無,006
瑞芳區,土地,四腳亭段楓子瀨小段18-1地號,2.04,,山坡地保育區,交通用地,1140210,土地1建物0車位0,,,其他,,,,0.0,0,0,0,無,無,4328,2122,,0.0,0,,SPSNMLOKKHKGFFF58EA,0.0,0.0,0.0,無,007
瑞芳區,土地,四腳亭段楓子瀨小段19-1地號,0.8,,山坡地保育區,交通用地,1140210,土地1建物0車位0,,,其他,,,,0.0,0,0,0,無,無,1694,0,,0.0,0,,TPSNMLOKKHKGFFF68EA,0.0,0.0,0.0,無,008
瑞芳區,土地,四腳亭段楓子瀨小段17-1地號,0.86,,山坡地保育區,交通用地,1140206,土地1建物0車位0,,,其他,,,,0.0,0,0,0,無,無,1813,0,,0.0,0,,RPTNMLOKKHKGFFF58EA,0.0,0.0,0.0,無,006
瑞芳區,土地,四腳亭段楓子瀨小段18-1地號,2.04,,山坡地保育區,交通用地,1140206,土地1建物0車位0,,,其他,,,,0.0,0,0,0,無,無,4328,2122,,0.0,0,,SPTNMLOKKHKGFFF68EA,0.0,0.0,0.0,無,007
瑞芳區,土地,四腳亭段楓子瀨小段19-1地號,0.8,,山坡地保育區,交通用地,1140206,土地1建物0車位0,,,其他,,,,0.0,0,0,0,無,無,1694,0,,0.0,0,,TPTNMLOKKHKGFFF78EA,0.0,0.0,0.0,無,008
瑞芳區,土地,四腳亭段楓子瀨小段17-1地號,0.86,,山坡地保育區,交通用地,1140206,土地1建物0車位0,,,其他,,,,0.0,0,0,0,無,無,1813,0,,0.0,0,,RPUNMLOKKHKGFFF68EA,0.0,0.0,0.0,無,006
瑞芳區,土地,四腳亭段楓子瀨小段18-1地號,2.04,,山坡地保育區,交通用地,1140206,土地1建物0車位0,,,其他,,,,0.0,0,0,0,無,無,4328,2122,,0.0,0,,SPUNMLOKKHKGFFF78EA,0.0,0.0,0.0,無,007
瑞芳區,土地,四腳亭段楓子瀨小段19-1地號,0.8,,山坡地保育區,交通用地,1140206,土地1建物0車位0,,,其他,,,,0.0,0,0,0,無,無,1694,0,,0.0,0,,TPUNMLOKKHKGFFF88EA,0.0,0.0,0.0,無,008
瑞芳區,土地,四腳亭段楓子瀨小段17-1地號,0.57,,山坡地保育區,交通用地,1140206,土地1建物0車位0,,,其他,,,,0.0,0,0,0,無,無,1208,0,,0.0,0,,RPVNMLOKKHKGFFF78EA,0.0,0.0,0.0,無,006
瑞芳區,土地,四腳亭段楓子瀨小段18-1地號,1.36,,山坡地保育區,交通用地,1140206,土地1建物0車位0,,,其他,,,,0.0,0,0,0,無,無,2885,2121,,0.0,0,,SPVNMLOKKHKGFFF88EA,0.0,0.0,0.0,無,007
瑞芳區,土地,四腳亭段楓子瀨小段19-1地號,0.53,,山坡地保育區,交通用地,1140206,土地1建物0車位0,,,其他,,,,0.0,0,0,0,無,無,1129,0,,0.0,0,,TPVNMLOKKHKGFFF98EA,0.0,0.0,0.0,無,008
五股區,土地,成子寮段938-5地號,42.29,都市：其他:第四種保護區,,,1140217,土地1建物0車位0,,,其他,,,,0.0,0,0,0,無,無,575550,13610,,0.0,0,,RPVNMLLLKHKGFBF08DA,0.0,0.0,0.0,無,
萬里區,房地(土地+建物),新北市萬里區孝五街２號２樓,29.21,,鄉村區,乙種建築用地,1140212,土地1建物1車位0,二層,四層,公寓(5樓含以下無電梯),住家用,鋼筋混凝土造,0681122,100.41,3,2,1,有,無,1500000,14939,,0.0,0,,RPVOMLRKKHKGFDF88DA,80.23,0.0,20.18,無,
金山區,房地(土地+建物),新北市金山區山城路９５號１０樓,44.46,,山坡地保育區,丙種建築用地,1140206,土地1建物1車位0,十層,十四層,住宅大樓(11層含以上有電梯),住家用,鋼筋混凝土造,0890913,84.16,2,1,1,有,有,3625000,43073,,0.0,0,,RPTVMLKLKHKGFDF78DA,58.9,0.0,7.35,有,027
淡水區,車位,新北市淡水區新春街１８０號十五樓之９,1.31,都市：其他:住宅區,,,1140210,土地2建物1車位1,,,其他,,,,33.14,0,0,0,無,有,1300000,,坡道平面,33.14,1300000,僅車位交易；,RPUOMLTKKHKGFEF09DA,0.0,0.0,0.0,有,
三重區,土地,菜寮段106地號,12.12,住,,,1140205,土地3建物0車位0,,,其他,,,,0.0,0,0,0,無,無,4100000,338284,,0.0,0,買方負擔土地增值稅,RPPNMLLKKHKGFGF87DA,0.0,0.0,0.0,無,
三重區,房地(土地+建物),新北市三重區大同北路３４巷１２號,17.27,住,,,1140217,土地1建物1車位0,二層，陽台,四層,公寓(5樓含以下無電梯),住家用,加強磚造,0621113,44.1,2,1,1,有,無,7000000,158730,,0.0,0,,RPXNMLKLKHKGFGF68DA,44.1,0.0,0.0,無,
永和區,房地(土地+建物),新北市永和區永平路１０號,99.22,住,,,1140208,土地2建物1車位0,全,四層,透天厝,住家用,加強磚造,0590815,232.28,7,3,4,有,無,46880000,201825,,0.0,0,頂樓加蓋；其他增建；,RPRNMLKKKHKGFHF08DA,232.28,0.0,0.0,無,
中和區,房地(土地+建物),新北市中和區中正路１７巷１２號十八樓,6.5,都市：其他:住宅區,,,1140212,土地3建物1車位0,十八層,二十二層,住宅大樓(11層含以上有電梯),住家用,鋼筋混凝土造,0851116,74.42,2,2,1,有,有,14500000,194840,,0.0,0,,RPUNMLTKKHKGFHF66DA,56.54,0.0,6.93,有,028
中和區,房地(土地+建物),新北市中和區民富街３２巷９號二樓,24.93,住,,,1140204,土地1建物1車位0,二層，陽台,四層,公寓(5樓含以下無電梯),住家用,鋼筋混凝土造,0660804,73.73,3,2,2,有,無,10700000,145124,,0.0,0,陽台外推；其他增建；,RPPOMLTKKHKGFHF88DA,73.73,0.0,0.0,無,029
樹林區,房地(土地+建物),新北市樹林區大慶街９６號,26.86,,山坡地保育區,丙種建築用地,1140210,土地1建物1車位0,一層,五層,公寓(5樓含以下無電梯),住家用,鋼筋混凝土造,0711106,68.77,2,1,1,有,無,5150000,74887,,0.0,0,,RPPNMLLLKHKGFIF18DA,61.57,7.2,0.0,無,
板橋區,房地(土地+建物),新北市板橋區華江一路１１３號十二樓之５,5.01,商,,,1140210,土地1建物1車位0,十二層,十九層,住宅大樓(11層含以上有電梯),住家用,鋼骨鋼筋混凝土造,1120908,52.23,1,1,1,有,有,10743000,205686,,0.0,0,,RPPNMLSKKHKGFAF08EA,29.54,1.02,3.99,有,
板橋區,房地(土地+建物),新北市板橋區華江一路１１３號十二樓之３,4.97,商,,,1140210,土地1建物1車位0,十二層,十九層,住宅大樓(11層含以上有電梯),住家用,鋼骨鋼筋混凝土造,1120908,51.81,1,1,1,有,有,10666000,205868,,0.0,0,,SPPNMLSKKHKGFAF18EA,29.54,0.72,3.99,有,
新莊區,車位,新北市新莊區中正路６５７之１１號,3.99,工,,,1140211,土地1建物1車位2,一層,十層,其他,一般商業設施〈一般事務所〉,鋼筋混凝土造,0970416,67.87,0,0,0,無,有,3200000,,坡道平面,67.56,3200000,僅車位交易；,RPRNMLKLKHKGFBF67EA,0.0,0.0,0.0,有,030
新莊區,房地(土地+建物)+車位,新北市新莊區五工三路８６巷１３號,41.09,,工業區,丁種建築用地,1140205,土地1建物1車位1,一層,六層,華廈(10層含以下有電梯),住家用,鋼筋混凝土造,0810225,122.52,0,0,0,無,無,23000000,187724,坡道平面,0.0,0,親友、員工、共有人或其他特殊關係間之交易；,RPQNMLLLKHKGFBF67EA,100.63,14.92,0.0,有,
新店區,車位,新北市新店區北宜路２段３５３號等共同使用,0.33,住,,,1140204,土地1建物1車位1,,,其他,,,,360.71,0,0,0,無,有,2000000,,坡道平面,36.07,2000000,僅車位交易；,RPPNMLTKKHKGFCF38EA,0.0,0.0,0.0,有,031
新店區,車位,新北市新店區永新街３８號等,0.0,,,,1140213,土地0建物1車位1,,,其他,,,,35.49,0,0,0,無,有,2700000,,坡道平面,35.49,2700000,建物坐落地號：寶強段1171地號；僅車位交易；,RPPNMLKLKHKGFCF57EA,0.0,0.0,0.0,有,032
深坑區,土地,永安段330地號,41.29,工,,,1140205,土地3建物0車位0,,,其他,,,,0.0,0,0,0,無,無,2080000,50375,,0.0,0,親友、員工、共有人或其他特殊關係間之交易；,RPPNMLLLKHKGFCF67EA,0.0,0.0,0.0,無,
淡水區,房地(土地+建物)+車位,新北市淡水區坪頂路２９０號十五樓,75.74,,山坡地保育區,丙種建築用地,1140203,土地2建物1車位1,十五層,十六層,住宅大樓(11層含以上有電梯),住家用,鋼筋混凝土造,0860402,201.06,4,2,2,有,有,8500000,42276,坡道平面,49.13,0,,RPWNMLKLKHKGFEF48EA,97.75,0.0,10.99,有,033
三芝區,房地(土地+建物),新北市三芝區樂全街３１號五樓,26.95,,山坡地保育區,丙種建築用地,1140215,土地1建物1車位0,五層,八層,華廈(10層含以下有電梯),住家用,鋼筋混凝土造,0850605,52.91,0,0,0,無,有,2000000,37800,,0.0,0,,RPXNMLKLKHKGFEF58EA,41.88,0.88,3.75,有,
鶯歌區,房地(土地+建物),新北市鶯歌區二甲路２９８號,178.36,,一般農業區,丁種建築用地,1140204,土地1建物1車位0,全,三層,透天厝,辦公用,鋼筋混凝土造,0810525,359.46,4,3,4,有,無,27200000,75669,,0.0,0,,RPSNMLTKKHKGFIF66EA,300.36,59.1,0.0,無,
土城區,土地,學成段621地號,66.71,都市：其他:道路用地,,,1140211,土地2建物0車位0,,,其他,,,,0.0,0,0,0,無,無,4356800,65310,,0.0,0,包含公共設施保留地用地；,RPPQMLTKKHKGFAF38DA,0.0,0.0,0.0,無,
板橋區,房地(土地+建物),新北市板橋區龍興街１７號四樓,25.91,住,,,1140206,土地1建物1車位0,四層，陽台,四層,公寓(5樓含以下無電梯),住家用,鋼筋混凝土造,,74.11,3,2,1,有,無,9500000,128188,,0.0,0,頂樓加蓋；其他增建；,RPTPMLKLKHKGFAF87DA,74.11,0.0,0.0,無,
板橋區,房地(土地+建物),新北市板橋區大觀路三段１３３巷１號四樓之一,18.99,住,,,1140208,土地1建物1車位0,四層,七層,華廈(10層含以下有電梯),住家用,鋼筋混凝土造,0850322,113.91000000000001,3,1,2,有,有,3140000,27566,,0.0,0,親友、員工、共有人或其他特殊關係間之交易；,RPQOMLLLKHKGFAF57DA,78.94,0.0,3.96,有,
新莊區,土地,裕民段370地號,73.49,農,,,1140211,土地1建物0車位0,,,其他,,,,0.0,0,0,0,無,無,4000000,54429,,0.0,0,親友、員工、共有人或其他特殊關係間之交易；,RPWOMLKLKHKGFBF18DA,0.0,0.0,0.0,無,
新莊區,房地(土地+建物),新北市新莊區丹鳳街６８號,58.62,工,,,1140211,土地1建物1車位0,全,二層,透天厝,住家用,加強磚造,0580203,111.6,3,1,2,有,無,5000000,44803,,0.0,0,親友、員工、共有人或其他特殊關係間之交易；未登記建物；,RPPNMLLLKHKGFBF47DA,111.6,0.0,0.0,無,
新店區,土地,安華段944地號,152.51,都市：其他:保護區,,,1140205,土地1建物0車位0,,,其他,,,,0.0,0,0,0,無,無,610040,4000,,0.0,0,,RPPNMLMKKHKGFCF57DA,0.0,0.0,0.0,無,
新店區,房地(土地+建物),新北市新店區長春路１１巷１６號,48.01,,山坡地保育區,丙種建築用地,1140207,土地2建物1車位0,全,三層,透天厝,住家用,鋼筋混凝土造,0780504,84.17,3,2,3,有,有,9000000,106926,,0.0,0,親友、員工、共有人或其他特殊關係間之交易；,RPSNMLKLKHKGFCF77DA,68.82,13.41,1.95,無,
淡水區,房地(土地+建物)+車位,新北市淡水區中山北路三段７５號二樓,15.35,住,,,1140204,土地1建物1車位1,二層,十層,華廈(10層含以下有電梯),住家用,鋼筋混凝土造,1010621,121.92,2,2,1,有,有,9800000,80381,坡道平面,38.02,0,目前車位編號16,RPPOMLOJKHKGFEF97DA,50.3,4.28,4.96,有,034
淡水區,房地(土地+建物)+車位,新北市淡水區新市三路一段１４０號,28.34,住,,,1140205,土地1建物1車位1,一層，見其他登記事項,二十層,住宅大樓(11層含以上有電梯),住家用,鋼筋混凝土造,1080222,168.85000000000002,3,2,3,有,有,17580000,112494,坡道平面,25.02,1400000,,RPPOMLSKKHKGFEF48DA,92.31,0.0,5.14,有,
淡水區,房地(土地+建物),新北市淡水區學府路１３６巷６３號三樓之７,7.1,住,,,1140208,土地1建物1車位0,三層,十四層,住宅大樓(11層含以上有電梯),住家用,鋼筋混凝土造,0961002,33.7,1,0,1,有,有,3450000,102374,,0.0,0,,RPPOMLTKKHKGFEF58DA,19.67,0.0,2.8,有,
淡水區,房地(土地+建物),新北市淡水區新民街２２２巷１６弄５之１５號五樓,8.41,住,,,1140206,土地2建物1車位0,五層,五層,華廈(10層含以下有電梯),住家用,鋼筋混凝土造,0790524,30.090000000000003,0,0,1,有,有,2600000,86407,,0.0,0,陽台外推；,RPVOMLTKKHKGFEF56DA,21.19,0.0,2.75,有,035
瑞芳區,土地,九份段1681-1地號,9.63,,鄉村區,乙種建築用地,1140213,土地2建物0車位0,,,其他,,,,0.0,0,0,0,無,無,1018500,105763,,0.0,0,土地上有地上物,RPRNMLLKKHKGFFF97DA,0.0,0.0,0.0,無,
中和區,房地(土地+建物),新北市中和區景平路２００號二十樓之二,8.81,都市：其他:住宅區,,,1140206,土地4建物1車位0,二十層,四十一層,住宅大樓(11層含以上有電梯),住家用,鋼骨鋼筋混凝土造,0861104,147.1,3,2,2,有,有,25500000,173351,,0.0,0,,RPPNMLQKKHKGFHF48DA,102.58,1.16,13.17,有,036
中和區,房地(土地+建物),新北市中和區景新街３９９巷１３號,17.39,商,,,1140211,土地1建物1車位0,一層,八層,華廈(10層含以下有電梯),商業用,鋼筋混凝土造,0800427,117.21,2,2,2,有,有,19000000,162102,,0.0,0,其他增建；急買急賣；,RPUNMLLLKHKGFHF58DA,97.14,11.83,0.0,有,
樹林區,房地(土地+建物),新北市樹林區博愛街６５號二樓,4.87,商,,,1140212,土地1建物1車位0,二層,八層,華廈(10層含以下有電梯),住家用,鋼筋混凝土造,0850122,39.260000000000005,1,0,1,有,無,5700000,145186,,0.0,0,,RPQNMLKLKHKGFIF18DA,23.7,0.0,3.6,有,
板橋區,車位,新北市板橋區長安街２６１巷１１至４７號單號地下室底一、二層,0.63,住,,,1140211,土地1建物1車位1,地下一層，地下二層,十六層,其他,見使用執照,鋼筋混凝土造,0830606,39.17,0,0,0,無,有,1700000,,坡道平面,39.17,1700000,僅車位交易；,RPQNMLLLKHKGFAF57EA,0.0,0.0,0.0,有,037
瑞芳區,房地(土地+建物),新北市瑞芳區明燈路二段６７號五樓,28.9,都市：其他:住宅區,,,1140209,土地2建物1車位0,五層,七層,華廈(10層含以下有電梯),住家用,鋼筋混凝土造,0830831,149.6,3,2,2,有,有,6000000,40107,,0.0,0,,RPPNMLKLKHKGFFF87EA,103.73,0.87,13.21,有,
板橋區,房地(土地+建物),新北市板橋區長江路二段１１８巷１３號二樓,20.4,住,,,1140209,土地1建物1車位0,二層,五層,公寓(5樓含以下無電梯),住家用,鋼筋混凝土造,,87.64,3,2,2,有,無,12500000,142629,,0.0,0,其他增建；,RPQPMLRKKHKGFAF18DA,80.18,0.0,7.46,無,038
板橋區,房地(土地+建物)+車位,新北市板橋區華江一路６１８號十四樓,12.25,商,,,1140212,土地1建物1車位1,十四層,十八層,住宅大樓(11層含以上有電梯),辦公用,鋼筋混凝土造,1111222,142.57,3,2,2,有,有,23390000,199142,坡道平面,37.67,2500000,,RPXNMLLLKHKGFAF18DA,62.12,0.0,4.49,有,039
新莊區,房地(土地+建物)+車位,新北市新莊區中原東路９９號十七樓,19.26,商,,,1140217,土地1建物1車位1,十七層,十八層,住宅大樓(11層含以上有電梯),住家用,鋼筋混凝土造,1050811,186.87,3,2,2,有,有,30300000,162145,坡道平面,43.36,0,,RPPNMLTKKHKGFBF18DA,85.94,3.26,8.91,有,040
新店區,車位,新北市新店區溪園路２６５號等共同使用,1.03,住,,,1140204,土地1建物1車位1,,,其他,,,,29.87,0,0,0,無,有,2000000,,坡道平面,29.87,2000000,僅車位交易；,RPSOMLPJKHKGFCF18DA,0.0,0.0,0.0,有,041
三芝區,房地(土地+建物),新北市三芝區三民街２７巷１號五樓,11.53,住,,,1140214,土地1建物1車位0,五層,十二層,住宅大樓(11層含以上有電梯),住家用,鋼筋混凝土造,0850105,67.01,2,2,1,有,有,2430000,36263,,0.0,0,,RPOOMLQLKHKGFEF28DA,47.32,0.0,6.42,有,
樹林區,房地(土地+建物),新北市樹林區復興路３７５號,9.99,住,,,1140201,土地1建物1車位0,一層，騎樓,七層,華廈(10層含以下有電梯),商業用,鋼筋混凝土造,0841107,56.550000000000004,0,0,1,有,無,11380000,201238,,0.0,0,陽台外推；,RPVNMLLKKHKGFIF68DA,37.74,0.0,2.14,有,
三峽區,土地,麻園段1615地號,20.4,,一般農業區,甲種建築用地,1140214,土地1建物0車位0,,,其他,,,,0.0,0,0,0,無,無,407200,19961,,0.0,0,親友、員工、共有人或其他特殊關係間之交易；,RPOOMLRKKHKGFIF68DA,0.0,0.0,0.0,無,042
三峽區,土地,麻園段1616地號,19.41,,一般農業區,甲種建築用地,1140214,土地1建物0車位0,,,其他,,,,0.0,0,0,0,無,無,387300,19954,,0.0,0,親友、員工、共有人或其他特殊關係間之交易；,RPQOMLRKKHKGFIF88DA,0.0,0.0,0.0,無,
淡水區,房地(土地+建物),新北市淡水區興福寮８８巷２２４號十三樓,16.59,,山坡地保育區,丙種建築用地,1140215,土地2建物1車位0,十三層,十四層,住宅大樓(11層含以上有電梯),住家用,鋼筋混凝土造,0900411,86.32,2,2,1,有,有,6000000,69509,,0.0,0,,RPUNMLOLKHKGFEF68EA,55.56,0.0,5.86,有,043
板橋區,房地(土地+建物),新北市板橋區僑中一街８０巷５弄９號,26.15,住,,,1140210,土地1建物1車位0,一層,五層,公寓(5樓含以下無電梯),住家用,鋼筋混凝土造,0701216,83.14,3,2,2,有,無,12500000,150349,,0.0,0,其他增建；,RPWNMLKKKHKGFAF87DA,65.58,17.56,0.0,無,
板橋區,房地(土地+建物),新北市板橋區四維路１５７號四樓,23.62,住,,,1140211,土地1建物1車位0,四層,四層,公寓(5樓含以下無電梯),住家用,加強磚造,,67.66,3,2,1,有,無,9000000,133018,,0.0,0,親友、員工、共有人或其他特殊關係間之交易；,RPTSMLKLKHKGFAF18DA,67.66,0.0,0.0,無,
板橋區,土地,公館段1127地號,18.5,住,,,1140205,土地2建物0車位0,,,其他,,,,0.0,0,0,0,無,無,7450000,402703,,0.0,0,,RPTOMLLLKHKGFAF87DA,0.0,0.0,0.0,無,044
板橋區,房地(土地+建物)+車位,新北市板橋區華江一路５２９號六樓,10.95,商,,,1140204,土地1建物1車位1,六層,十七層,住宅大樓(11層含以上有電梯),辦公用,鋼筋混凝土造,1110810,132.41,3,2,2,有,有,23500000,177479,坡道平面,38.64,0,,RPWNMLOLKHKGFAF38DA,55.5,0.0,3.88,有,045
新莊區,車位,新北市新莊區雙鳳路１１８至１３２號（雙號）１３４巷２至３４號（雙號）地下室一、二、三層,0.0,,,,1140216,土地0建物1車位1,地下一層，地下二層，地下三層,十五層,其他,停車空間、防空避難室,鋼筋混凝土造,0820514,43.03,0,0,0,無,有,1950000,,坡道平面,43.03,1950000,建物坐落地號：丹鳳段238地號；僅車位交易；,RPQNMLPLKHKGFBF97DA,0.0,0.0,0.0,有,046
蘆洲區,房地(土地+建物),新北市蘆洲區三民路１１０巷５６號五樓,35.04,住,,,1140208,土地1建物1車位0,五層,六層,華廈(10層含以下有電梯),住家用,鋼筋混凝土造,0950816,120.22,3,2,2,有,無,11000000,91499,,0.0,0,親友、員工、共有人或其他特殊關係間之交易；陽台外推；,RPUNMLSJKHKGFGF98DA,75.54,9.71,8.13,有,
三重區,房地(土地+建物),新北市三重區三和路四段２１５巷５４號五樓,7.27,住,,,1140204,土地1建物1車位0,五層,五層,公寓(5樓含以下無電梯),住家用,鋼筋混凝土造,0721214,24.46,1,1,1,有,無,3300000,134914,,0.0,0,受債權債務關係影響或債務抵償；,RPROMLOLKHKGFGF58DA,21.02,0.0,3.43,無,
永和區,房地(土地+建物),新北市永和區信義路１１６號六樓,17.03,住,,,1140207,土地1建物1車位0,六層,七層,華廈(10層含以下有電梯),住家用,鋼筋混凝土造,0830205,102.28,3,2,2,有,有,21800000,213140,,0.0,0,其他增建；,RPPNMLRKKHKGFHF58DA,80.26,0.0,9.06,有,
永和區,房地(土地+建物)+車位,新北市永和區秀朗路二段１０３號十九樓,11.06,住,,,1140218,土地1建物1車位1,十九層,十九層,住宅大樓(11層含以上有電梯),住家用,鋼筋混凝土構造,1070205,98.17,2,2,1,有,有,20700000,242052,坡道機械,21.74,2200000,,RPQNMLOLKHKGFHF48DA,47.75,0.0,4.31,有,047
中和區,土地,灰段644地號,529.33,農,,,1140220,土地4建物0車位0,,,其他,,,,0.0,0,0,0,無,無,16015000,30255,,0.0,0,,RPPPMLOLKHKGFHF58DA,0.0,0.0,0.0,無,
永和區,房地(土地+建物),新北市永和區民光街２２巷１號三樓,38.14,住,,,1140205,土地1建物1車位0,三層,四層,公寓(5樓含以下無電梯),住家用,Ｒ．Ｃ造,0611216,93.84,3,2,1,有,無,14350000,152920,,0.0,0,,RPSPMLOLKHKGFHF88DA,81.14,0.0,12.7,無,
中和區,房地(土地+建物)+車位,新北市中和區興南路一段８５巷４１號四樓,30.54,住,,,1140217,土地1建物1車位1,四層,十四層,住宅大樓(11層含以上有電梯),住家用,鋼筋混凝土構造,1020528,180.17000000000002,3,2,2,有,有,2440000,13543,坡道平面,0.0,0,親友、員工、共有人或其他特殊關係間之交易；,RPUNMLPLKHKGFHF98DA,101.75,0.0,9.89,有,
三峽區,土地,仁愛段604地號,31.69,,,,1140212,土地4建物0車位0,,,其他,,,,0.0,0,0,0,無,無,958000,30230,,0.0,0,包含公共設施保留地用地；,RPTNMLRKKHKGFIF09DA,0.0,0.0,0.0,無,048
土城區,土地,永和段705地號,353.87,農,,,1140210,土地2建物0車位0,,,其他,,,,0.0,0,0,0,無,無,8028750,22688,,0.0,0,,RPOPMLQKJHKGFAF87EA,0.0,0.0,0.0,無,
土城區,土地,永和段702地號,351.06,農,,,1140210,土地3建物0車位0,,,其他,,,,0.0,0,0,0,無,無,7964250,22686,,0.0,0,,RPPPMLQKJHKGFAF97EA,0.0,0.0,0.0,無,049
新店區,車位,新北市新店區永新街３８號等,0.0,,,,1140213,土地0建物1車位1,,,其他,,,,35.49,0,0,0,無,有,2680000,,坡道平面,35.49,2680000,建物坐落地號：寶強段1171地號；僅車位交易；,RPQNMLPLKHKGFCF18EA,0.0,0.0,0.0,有,032
坪林區,土地,水聳凄坑段水聳凄坑小段176-14地號,3167.0,都市：其他:保安保護區,,,1140217,土地2建物0車位0,,,其他,,,,0.0,0,0,0,無,無,3924100,1239,,0.0,0,農作物；,RPSNMLPLKHKGFCF38EA,0.0,0.0,0.0,無,051
八里區,房地(土地+建物)+車位,新北市八里區龍米路一段１８８號十三樓,54.89,住,,,1140205,土地1建物1車位3,十三層,二十層,住宅大樓(11層含以上有電梯),住家用,鋼筋混凝土造,1050913,363.51,1,1,1,有,有,34000000,93533,坡道平面,104.7,0,,RPSNMLOLKHKGFEF48EA,147.74,12.74,18.64,有,052
三芝區,房地(土地+建物)+車位,新北市三芝區淡金路二段５７號八樓,16.32,住,,,1140216,土地1建物1車位1,八層,十二層,住宅大樓(11層含以上有電梯),住家用,鋼筋混凝土造,0850430,150.37,3,2,2,有,有,5450000,36244,坡道平面,0.0,0,,RPPNMLPLKHKGFEF28EA,78.48,0.0,14.55,有,
瑞芳區,建物,新北市瑞芳區逢甲路１３３號,0.0,,,,1140224,土地0建物1車位0,全,一層,透天厝,住家用,磚造,,50.18,3,1,1,有,無,400000,7971,,0.0,0,建物坐落地號：逢甲段961地號；,RPPNMLPLKHKGFFF38EA,50.18,0.0,0.0,無,
瑞芳區,房地(土地+建物),新北市瑞芳區一坑路２３６號六樓之４,22.55,都市：其他:住宅區,,,1140204,土地2建物1車位0,六層，電梯樓梯間,七層,華廈(10層含以下有電梯),住家用,鋼筋混凝土造,0840128,111.81,3,2,2,有,有,5000000,44719,,0.0,0,,RPQNMLPLKHKGFFF48EA,88.73,0.0,4.91,有,
蘆洲區,房地(土地+建物),新北市蘆洲區三民路２６巷２０弄３號二樓,6.07,住,,,1140218,土地1建物1車位0,二層,八層,華廈(10層含以下有電梯),住家用,鋼筋混凝土造,0861015,35.980000000000004,0,0,0,無,有,4600000,127849,,0.0,0,,RPWNMLOLKHKGFGF09EA,28.48,1.43,2.48,有,053
三峽區,土地,民權段585地號,1.6,住,,,1140208,土地1建物0車位0,,,其他,,,,0.0,0,0,0,無,無,183958,114974,,0.0,0,親友、員工、共有人或其他特殊關係間之交易；,RPPNMLLLKHKGFIF28EA,0.0,0.0,0.0,無,054
三峽區,土地,民權段585地號,3.2,住,,,1140208,土地1建物0車位0,,,其他,,,,0.0,0,0,0,無,無,367916,114974,,0.0,0,親友、員工、共有人或其他特殊關係間之交易；,SPPNMLLLKHKGFIF38EA,0.0,0.0,0.0,無,054
板橋區,房地(土地+建物),新北市板橋區莊敬路３８之３號十六樓,8.38,商,,,1140106,土地1建物1車位0,十六層,十九層,住宅大樓(11層含以上有電梯),住家用,鋼筋混凝土造,0870416,127.4,3,2,1,有,有,32380000,254160,,0.0,0,陽台外推；夾層；其他增建；,RPWSMLNKJHKGFAF58DA,82.6,1.86,7.24,有,056
土城區,房地(土地+建物),新北市土城區中央路三段１９１之４號九樓,5.1,商,,,1140119,土地1建物1車位0,九層,十六層,住宅大樓(11層含以上有電梯),住家用,鋼筋混凝土造,0831231,73.23,2,1,1,有,有,9900000,135190,,0.0,0,,RPVNMLKLJHKGFAF77DA,45.63,0.0,12.45,有,
板橋區,房地(土地+建物),新北市板橋區金門街３２７巷８號四樓,12.63,住,,,1140113,土地1建物1車位0,四層,七層,華廈(10層含以下有電梯),住家用,鋼筋混凝土造,,68.28999999999999,2,1,1,有,有,7500000,109826,,0.0,0,,RPRUMLLLJHKGFAF18DA,51.6,0.67,5.42,有,
土城區,房地(土地+建物),新北市土城區延和路１０８巷４弄１０號四樓,19.21,住,,,1140114,土地1建物1車位0,四層,七層,華廈(10層含以下有電梯),住家用,鋼筋混凝土造,0821117,99.94999999999999,3,2,2,有,有,12800000,128064,,0.0,0,,RPTOMLQJKHKGFAF18DA,76.81,0.0,6.35,有,057
板橋區,房地(土地+建物),新北市板橋區幸福路３２巷４５號二樓,24.5,住,,,1140116,土地1建物1車位0,二層,四層,公寓(5樓含以下無電梯),住家用,鋼筋混凝土造,0640915,73.62,3,2,1,有,無,10500000,142624,,0.0,0,陽台外推；,RPSTNLRJKHKGFAF78DA,66.72,0.0,6.9,無,058
板橋區,房地(土地+建物),新北市板橋區金門街３１巷４２號九樓之一,7.39,住,,,1140121,土地1建物1車位0,九層,十三層,住宅大樓(11層含以上有電梯),住家用,鋼筋混凝土造,0871120,48.63,1,0,1,有,有,7500000,154226,,0.0,0,,RPTOMLMKKHKGFAF87DA,29.16,0.0,3.94,有,
板橋區,房地(土地+建物),新北市板橋區三民路二段２４５巷４４號二樓,24.57,住,,,1140105,土地1建物1車位0,二層,六層,華廈(10層含以下有電梯),住家用,鋼筋混凝土造,0840127,117.72999999999999,2,2,2,有,有,19680000,167162,,0.0,0,陽台外推；其他增建；,RPTOMLRKKHKGFAF38DA,83.41,1.25,10.0,有,
板橋區,房地(土地+建物),新北市板橋區文聖街７８號三樓,2.03,住,,,1140115,土地1建物1車位0,三層,五層,公寓(5樓含以下無電梯),住家用,鋼筋混凝土造,0740924,91.57,3,2,2,有,無,624761,6823,,0.0,0,親友、員工、共有人或其他特殊關係間之交易；陽台外推；其他增建；,RPUNMLSKKHKGFAF48DA,82.34,0.0,9.23,無,059
土城區,土地,瑞興段627地號,0.06,住,,,1140123,土地1建物0車位0,,,其他,,,,0.0,0,0,0,無,無,13033,0,,0.0,0,,RPOOMLTKKHKGFAF08DA,0.0,0.0,0.0,無,001
新莊區,房地(土地+建物),新北市新莊區民安西路３７０號地下一樓之十八,6.24,住,,,1140123,土地1建物1車位0,地下一層,二十一層,住宅大樓(11層含以上有電梯),辦公用,鋼筋混凝土造,0850311,33.08,0,0,0,無,有,480000,14510,,0.0,0,,RPWPMLNLJHKGFBF48DA,14.98,0.0,0.0,有,
新莊區,房地(土地+建物)+車位,新北市新莊區中正路５０８巷５弄２８號三樓,33.96,住,,,1140110,土地2建物1車位1,三層,五層,華廈(10層含以下有電梯),住家用,鋼筋混凝土造,0840824,143.63,3,2,2,有,有,17000000,118360,坡道平面,0.0,0,,RPOPMLOJKHKGFBF67DA,87.61,0.0,7.97,有,
新莊區,房地(土地+建物)+車位,新北市新莊區豐盛一街２２號九樓,9.75,商,,,1140115,土地1建物1車位1,九層,十五層,住宅大樓(11層含以上有電梯),辦公用,鋼筋混凝土造,1060419,111.24000000000001,2,1,1,有,有,13600000,122258,坡道平面,26.94,0,,RPSOMLTKKHKGFBF58DA,48.04,0.0,8.06,有,061
新店區,房地(土地+建物)+車位,新北市新店區建國路１３８號六樓,13.01,住,,,1140107,土地4建物1車位1,六層,十四層,住宅大樓(11層含以上有電梯),住家用,鋼筋混凝土造,0881229,135.7,3,2,2,有,有,24000000,215644,坡道平面,37.39,2800000,陽台外推；其他增建；,RPPONLRKJHKGFCF18DA,77.19,0.0,5.96,有,
新店區,房地(土地+建物)+車位,新北市新店區如意街９巷２５號八樓,52.52,都市：其他:已開發建築密集地區,,,1140107,土地1建物1車位1,八層,八層,華廈(10層含以下有電梯),住家用,鋼筋混凝土造,0871025,143.35,3,2,2,有,有,12100000,84409,坡道平面,36.76,0,鐵鋁窗增建,RPPNMLNKKHKGFCF67DA,85.81,0.0,10.08,有,
新店區,車位,新北市新店區北新路一段７３號等,0.31,都市：其他:第三種商業區,,,1140118,土地1建物1車位1,,,其他,,,,21.05,0,0,0,無,有,2700000,,坡道平面,21.05,2700000,僅車位交易；,RPVNMLSKKHKGFCF78DA,0.0,0.0,0.0,有,062
深坑區,房地(土地+建物),新北市深坑區北深路一段８３巷８弄１７號三樓,26.2,,鄉村區,乙種建築用地,1140115,土地1建物1車位0,三層,四層,公寓(5樓含以下無電梯),住家用,鋼筋混凝土造,0700905,88.27,3,2,1,有,無,5880000,66614,,0.0,0,,RPRNMLTKKHKGFCF48DA,77.67,0.0,10.6,無,
萬里區,土地,中萬里加投段麻斯廩小段10地號,601.67,,山坡地保育區,農牧用地,1140109,土地1建物0車位0,,,其他,,,,0.0,0,0,0,無,無,1000000,1662,,0.0,0,,RPORMLSKKHKGFDF58DA,0.0,0.0,0.0,無,063
三芝區,房地(土地+建物),新北市三芝區樂全街４２號四樓,22.47,,山坡地保育區,丙種建築用地,1140123,土地1建物1車位0,四層,十三層,住宅大樓(11層含以上有電梯),住家用,鋼筋混凝土造,0850601,52.56,1,1,1,有,有,1800000,34247,,0.0,0,,RPRNMLMKKHKGFEF97DA,35.42,0.43,3.98,有,
淡水區,房地(土地+建物)+車位,新北市淡水區淡金路二段１８９之２號五樓,15.95,住,,,1140116,土地1建物1車位1,五層,十四層,住宅大樓(11層含以上有電梯),住家用,鋼筋混凝土造,1131028,120.06,2,2,1,有,有,11500000,122324,坡道平面,38.31,1500000,,RPTOMLOKKHKGFEF48DA,48.14,1.09,4.06,有,064
淡水區,房地(土地+建物)+車位,新北市淡水區淡金路３８巷７０號三樓,27.39,住,,,1140123,土地1建物1車位1,三層,十一層,住宅大樓(11層含以上有電梯),住家用,鋼筋混凝土造,0980821,167.07999999999998,3,2,2,有,有,16500000,106337,坡道平面,26.96,1600000,,RPRNMLRKKHKGFEF48DA,88.47,3.15,9.08,有,
淡水區,土地,下圭柔山段326-1地號,903.5,工,,,1140124,土地1建物0車位0,,,其他,,,,0.0,0,0,0,無,無,22138110,24503,,0.0,0,,RPSPMLRKKHKGFEF78DA,0.0,0.0,0.0,無,065
淡水區,房地(土地+建物),新北市淡水區北新路１８２巷３弄５號五樓之１,6.77,住,,,1140112,土地1建物1車位0,五層,五層,公寓(5樓含以下無電梯),住家用,鋼筋混凝土造,0780417,27.25,1,0,1,有,無,2380000,87339,,0.0,0,,RPRNMLSKKHKGFEF58DA,17.21,2.72,0.0,無,066
瑞芳區,房地(土地+建物),新北市瑞芳區瑞竹路９４巷１號五樓,36.6,,鄉村區,乙種建築用地,1140119,土地1建物1車位0,五層,五層,公寓(5樓含以下無電梯),住家用,鋼筋混凝土造,0830402,113.38000000000001,3,2,2,有,無,2400000,21168,,0.0,0,,RPPNMLSKKHKGFFF48DA,100.98,0.0,10.06,無,
三重區,房地(土地+建物),新北市三重區中正南路８巷２號十二樓,7.14,商,,,1140112,土地4建物1車位0,十二層,十三層,住宅大樓(11層含以上有電梯),住家用,鋼筋混凝土造,1020122,64.21000000000001,2,1,1,有,有,13860000,215854,,0.0,0,夾層；,RPRNMLSKKHKGFGF78DA,34.78,1.64,3.32,有,067
三重區,房地(土地+建物)+車位,新北市三重區重新路五段５７２之３號,6.87,工,,,1140115,土地2建物1車位1,地下三層,十層,住宅大樓(11層含以上有電梯),其他,鋼筋混凝土造,0810118,60.63,1,1,1,有,有,7000000,185999,坡道平面,31.06,1500000,親友、員工、共有人或其他特殊關係間之交易；,RPPOMLTKKHKGFGF78DA,15.45,0.0,7.27,有,068
中和區,房地(土地+建物),新北市中和區莊敬路３３巷３４弄２０號,24.78,住,,,1140112,土地1建物1車位0,一層，平台,四層,公寓(5樓含以下無電梯),住家用,Ｒ．Ｃ造,0650823,59.62,2,2,1,有,無,12500000,209661,,0.0,0,其他增建；,RPUSMLMLJHKGFHF09DA,59.62,0.0,0.0,無,069
中和區,房地(土地+建物)+車位,新北市中和區華順街３０巷２０號,13.7,住,,,1140118,土地1建物1車位1,一層，夾層,十四層,住宅大樓(11層含以上有電梯),住商用,鋼筋混凝土造,0870420,97.95,1,1,1,有,有,12560000,191304,坡道平面,42.75,2000000,夾層；其他增建；,RPVPMLRJKHKGFHF66DA,50.59,0.0,0.0,有,070
中和區,房地(土地+建物),新北市中和區華新街５０巷５弄１８號,55.76,住,,,1140120,土地1建物1車位0,全,二層,透天厝,住家用,加強磚造,0570701,74.52,8,7,7,有,無,20000000,268384,,0.0,0,頂樓加蓋；其他增建；,RPROMLSKKHKGFHF98DA,74.52,0.0,0.0,無,071
鶯歌區,房地(土地+建物),新北市鶯歌區中正一路１１５號四樓之１,13.97,商,,,1140101,土地1建物1車位0,四層,八層,華廈(10層含以下有電梯),商業用,鋼筋混凝土造,0841014,122.66999999999999,3,2,2,有,有,12150000,99046,,0.0,0,,RPPPMLQKJHKGFIF68DA,84.19,1.06,9.99,有,072
板橋區,房地(土地+建物),新北市板橋區觀光街４巷２弄２號三樓,27.25,住,,,1140124,土地1建物1車位0,三層，陽台,四層,公寓(5樓含以下無電梯),住家用,鋼筋混凝土造,0680122,89.1,3,1,1,有,無,5600000,62851,,0.0,0,親友、員工、共有人或其他特殊關係間之交易；,RPRNMLRKKHKGFAF18EA,89.1,0.0,0.0,無,
新店區,房地(土地+建物)+車位,新北市新店區安康路三段５６１巷２弄２０號六樓,32.08,都市：其他:已開發建築密集地區,,,1140119,土地2建物1車位1,六層,十層,華廈(10層含以下有電梯),住家用,鋼筋混凝土造,0860203,113.1,3,1,2,有,有,7000000,61892,坡道平面,0.0,1100000,,RPQNMLSKKHKGFCF38EA,69.94,0.0,8.23,有,
雙溪區,土地,三叉坑段三叉坑小段166地號,10518.0,,山坡地保育區,農牧用地,1140106,土地7建物0車位0,,,其他,,,,0.0,0,0,0,無,無,17600000,1673,,0.0,0,,RPPNMLTKKHKGFFF68EA,0.0,0.0,0.0,無,
三重區,房地(土地+建物)+車位,新北市三重區集美街７３號二十三樓,24.77,住,,,1140121,土地1建物1車位2,二十三層,二十六層,住宅大樓(11層含以上有電梯),住家用,鋼骨鋼筋混凝土造,1061026,283.21999999999997,4,2,2,有,有,52580000,202772,坡道平面,46.6,4600000,1.另有土地增值稅新台幣53941元由買受人負擔受債權債務關係影響或債務抵償；,RPTOMLSKKHKGFGF56EA,130.46,3.2,23.85,有,073
三重區,房地(土地+建物),新北市三重區分子尾街４３號四樓,19.79,住,,,1140111,土地1建物1車位0,四層,五層,公寓(5樓含以下無電梯),住家用,鋼筋混凝土造,0701123,77.32,2,1,1,有,無,8600000,111226,,0.0,0,陽台外推；,RPPNMLTKKHKGFGF78EA,68.04,0.0,9.28,無,
三重區,房地(土地+建物),新北市三重區三和路四段１４５巷８５號,22.67,住,,,1140107,土地1建物1車位0,一層，騎樓,三層,公寓(5樓含以下無電梯),住家用,加強磚造,0600601,81.6,0,0,0,無,無,21500000,263480,,0.0,0,,RPQNMLTKKHKGFGF88EA,81.6,0.0,0.0,無,
中和區,房地(土地+建物),新北市中和區中正路６２之５號四樓,6.39,住,,,1140107,土地1建物1車位0,四層,十層,華廈(10層含以下有電梯),住家用,鋼筋混凝土構造,1110315,44.480000000000004,1,1,1,有,有,8600000,193345,,0.0,0,,RPQNMLTKKHKGFHF98EA,23.03,2.67,3.62,有,074
土城區,房地(土地+建物),新北市土城區中央路四段２８１之１４號十四樓,15.52,住,,,1140112,土地1建物1車位0,十四層,十五層,住宅大樓(11層含以上有電梯),住家用,鋼筋混凝土造,0950817,130.85,3,2,2,有,有,16000000,122277,,0.0,0,陽台外推；其他增建；,RPOPMLQJKHKGFAF77DA,86.34,3.25,10.79,有,
板橋區,車位,新北市板橋區四川路一段１３１號等共同使用,0.0,,,,1140121,土地0建物1車位1,,,其他,,,,38.04,0,0,0,無,有,2050000,,坡道平面,38.04,2050000,建物坐落地號：忠孝段688地號；僅車位交易；,RPSNMLNKKHKGFAF77DA,0.0,0.0,0.0,有,075
板橋區,房地(土地+建物),新北市板橋區漢生東路１２９號三樓,17.0,住,,,1140116,土地1建物1車位0,三層，陽台,五層,公寓(5樓含以下無電梯),住家用,鋼筋混凝土造,0700528,68.31,2,2,1,有,無,9300000,136144,,0.0,0,,RPROMLNKKHKGFAF77DA,68.31,0.0,0.0,無,
板橋區,房地(土地+建物),新北市板橋區南雅西路二段７巷１３號,24.5,住,,,1140111,土地1建物1車位0,一層，平台,四層,公寓(5樓含以下無電梯),住家用,加強磚造,0610418,78.08,3,1,2,有,無,10000000,128074,,0.0,0,,RPXRMLRKKHKGFAF09DA,78.08,0.0,0.0,無,
板橋區,房地(土地+建物),新北市板橋區萬板路３２０號,18.66,住,,,1140116,土地1建物1車位0,一層，地下層,十層,華廈(10層含以下有電梯),商業用,鋼筋混凝土造,0780610,219.79,1,2,2,有,有,32600000,148323,,0.0,0,陽台外推；,RPRRMLSKKHKGFAF58DA,206.36,11.48,0.0,有,
板橋區,房地(土地+建物),新北市板橋區四川路一段３１號二樓,6.68,商,,,1140102,土地1建物1車位0,二層,十一層,住宅大樓(11層含以上有電梯),商業用,鋼筋混凝土造,0840826,67.43,1,2,1,有,有,10000000,148302,,0.0,0,陽台外推；,RPUPMLTKKHKGFAF78DA,56.78,0.0,0.0,有,076
泰山區,房地(土地+建物),新北市泰山區明志路三段１００號十二樓,11.32,商,,,1140114,土地2建物1車位0,十二層,十二層,住宅大樓(11層含以上有電梯),住家用,鋼筋混凝土造,1130620,70.22,2,2,1,有,有,12270000,174737,,0.0,0,,RPXOMLOKJHKGFBF48DA,44.07,0.0,3.81,有,
新莊區,房地(土地+建物)+車位,新北市新莊區富貴路５９號五樓,15.66,住,,,1140103,土地1建物1車位1,五層,十三層,住宅大樓(11層含以上有電梯),住家用,鋼筋混凝土造,1050517,108.6,2,2,2,有,有,19180000,179731,塔式車位,11.9,1800000,夾層；其他增建；,RPRPMLLLJHKGFBF77DA,51.27,8.6,5.51,有,077
林口區,房地(土地+建物)+車位,新北市林口區忠孝一路３８號七樓,16.65,住,,,1140111,土地1建物1車位1,七層,十二層,住宅大樓(11層含以上有電梯),住家用,鋼筋混凝土造,1130925,82.67,2,2,1,有,有,16160000,195476,坡道平面,24.75,0,,RPSNMLQJKHKGFBF08DA,34.53,0.0,4.25,有,078
林口區,房地(土地+建物),新北市林口區工二區自強三街５號四樓,30.25,住,,,1140106,土地1建物1車位0,四層,四層,公寓(5樓含以下無電梯),住家用,鋼筋混凝土造,0730630,86.68,2,1,2,有,無,5960000,68759,,0.0,0,頂樓加蓋；,RPOOMLLKKHKGFBF37DA,78.72,0.0,7.96,無,
新莊區,土地,興化段897-2地號,185.88,農,,,1140106,土地1建物0車位0,,,其他,,,,0.0,0,0,0,無,無,14617200,78638,,0.0,0,,RPROMLSKKHKGFBF38DA,0.0,0.0,0.0,無,079
林口區,房地(土地+建物)+車位,新北市林口區文化北路二段５５０巷１９弄５號四樓,35.67,住,,,1140120,土地1建物1車位1,四層,六層,華廈(10層含以下有電梯),住家用,鋼筋混凝土造,1120414,39.58,3,2,3,有,有,3227946,81576,坡道平面,4.55,0,親友、員工、共有人或其他特殊關係間之交易；,RPPRMLTKKHKGFBF58DA,21.32,0.0,2.24,有,
深坑區,房地(土地+建物)+車位,新北市深坑區翠谷街８５號二樓,9.5,,鄉村區,乙種建築用地,1140113,土地2建物1車位1,二層,六層,華廈(10層含以下有電梯),住家用,鋼筋混凝土構造,1070904,40.6,1,1,1,有,有,4890000,120443,升降機械,9.7,0,夾層；,RPPOMLTKKHKGFCF38DA,14.82,2.1,0.0,有,080
汐止區,房地(土地+建物),新北市汐止區連興街２號二樓,5.73,商,,,1140101,土地3建物1車位0,二層,十九層,住宅大樓(11層含以上有電梯),住家用,鋼筋混凝土造,0961009,77.2,1,1,1,有,有,12680000,164249,,0.0,0,陽台外推；其他增建；,RPUNMLLKKHKGFDF08DA,48.4,0.0,8.82,有,
淡水區,房地(土地+建物),新北市淡水區中正東路二段８３號十四樓之５,2.53,住,,,1140117,土地5建物1車位0,十四層,二十六層,住宅大樓(11層含以上有電梯),住家用,鋼骨混凝土造,0920922,52.7,1,1,1,有,有,6500000,123340,,0.0,0,親友、員工、共有人或其他特殊關係間之交易；,RPWNMLQKJHKGFEF78DA,32.39,0.0,6.99,有,081
淡水區,土地,屯山段85地號,1498.75,,特定農業區,農牧用地,1140124,土地1建物0車位0,,,其他,,,,0.0,0,0,0,無,無,5400000,3603,,0.0,0,未登記建物；瑕疵物件；,RPUPMLSJKHKGFEF98DA,0.0,0.0,0.0,無,
淡水區,房地(土地+建物)+車位,新北市淡水區新市二路三段１０８之３號二樓,16.84,住,,,1140118,土地1建物1車位1,二層,十五層,住宅大樓(11層含以上有電梯),住家用,鋼筋混凝土造,1130730,130.71,3,2,2,有,有,10950000,83773,坡道機械,16.93,0,,RPQNMLKLKHKGFEF77DA,70.31,0.0,5.91,有,082
淡水區,房地(土地+建物),新北市淡水區自強路１０號十樓之５,6.29,住,,,1140113,土地1建物1車位0,十層,十層,華廈(10層含以下有電梯),住家用,鋼筋混凝土造,0961119,34.69,1,0,1,有,有,4700000,135486,,0.0,0,陽台外推；,RPRNMLLLKHKGFEF97DA,16.2,0.0,6.36,有,
淡水區,房地(土地+建物)+車位,新北市淡水區中正路二段６號十二樓,11.54,商,,,1140115,土地1建物1車位1,十二層,二十層,住宅大樓(11層含以上有電梯),住家用,鋼筋混凝土造,0840505,154.8,1,1,1,有,有,11500000,74289,升降平面,0.0,0,其他增建；,RPSNMLLLKHKGFEF08DA,86.28,0.0,10.51,有,083
蘆洲區,土地,信義段474地號,33.92,都市：其他:道路用地,,,1140120,土地1建物0車位0,,,其他,,,,0.0,0,0,0,無,無,4300000,126769,,0.0,0,包含公共設施保留地用地；,RPXQMLRKJHKGFGF86DA,0.0,0.0,0.0,無,
三重區,房地(土地+建物),新北市三重區仁壽街２８５號,22.27,住,,,1140120,土地1建物1車位0,全,二層,透天厝,住家用,加強磚造,0530203,21.03,5,2,3,有,無,6750000,320970,,0.0,0,本筆交易為持分買賣，買賣雙方約定由買方負擔繳納土地增值稅，出售人共三位。親友、員工、共有人或其他特殊關係間之交易；其他增建；,RPTNMLOKKHKGFGF58DA,21.03,0.0,0.0,無,
三重區,房地(土地+建物),新北市三重區大同北路３４巷３１號,25.89,住,,,1140116,土地1建物1車位0,一層,五層,公寓(5樓含以下無電梯),住家用,鋼筋混凝土造,0720903,98.4,3,1,2,有,無,10500000,106707,,0.0,0,親友、員工、共有人或其他特殊關係間之交易；,RPUOMLTKKHKGFGF66DA,75.34,13.1,0.0,無,084
永和區,房地(土地+建物),新北市永和區竹林路１１９巷２１號四樓,22.62,住,,,1140110,土地1建物1車位0,四層,四層,公寓(5樓含以下無電梯),住家用,加強磚造,0580322,56.84,4,2,1,有,無,5000000,87966,,0.0,0,親友、員工、共有人或其他特殊關係間之交易；,RPVNMLKKJHKGFHF38DA,56.84,0.0,0.0,無,
三峽區,房地(土地+建物),新北市三峽區大學路５３之２號八樓,13.58,住,,,1140104,土地1建物1車位0,八層,十三層,住宅大樓(11層含以上有電梯),住家用,鋼筋混凝土造,0941017,85.65,2,2,1,有,有,14300000,166959,,0.0,0,,RPWQMLLKKHKGFIF09DA,54.34,0.0,4.83,有,085
三峽區,房地(土地+建物)+車位,新北市三峽區光明路１００之６號十三樓之二,21.57,住,,,1140105,土地1建物1車位1,十三層,十四層,住宅大樓(11層含以上有電梯),住家用,鋼筋混凝土造,0850625,162.14,3,2,2,有,有,15000000,92513,坡道平面,0.0,0,陽台外推；,RPRPMLOKKHKGFIF78DA,101.44,2.83,13.58,有,
三峽區,土地,成福段小暗坑小段735地號,2660.29,,山坡地保育區,林業用地,1140124,土地20建物0車位0,,,其他,,,,0.0,0,0,0,無,無,5440000,2045,,0.0,0,親友、員工、共有人或其他特殊關係間之交易；,RPXNMLSKKHKGFIF96DA,0.0,0.0,0.0,無,086
板橋區,車位,新北市板橋區長安街２６１巷１１號,1.25,住,,,1140110,土地1建物1車位1,地下一層，地下二層,十六層,其他,見使用執照,鋼筋混凝土造,0830606,42.36,0,0,0,無,有,2200000,,坡道平面,39.17,2200000,僅車位交易；,RPRNMLTKKHKGFAF38EA,0.0,0.0,0.0,有,037
新莊區,房地(土地+建物),新北市新莊區思源路１７７巷４０號,19.28,住,,,1140105,土地1建物1車位0,一層，平台,四層,公寓(5樓含以下無電梯),住商用,鋼筋混凝土造,0680531,66.66,2,1,1,有,無,15600000,234023,,0.0,0,其他增建；,RPSNMLKLKHKGFBF77EA,66.66,0.0,0.0,無,
汐止區,房地(土地+建物)+車位,新北市汐止區新興路７７之１號四樓,23.98,住,,,1140102,土地1建物1車位1,四層,二十一層,住宅大樓(11層含以上有電梯),住家用,鋼筋混凝土構造,1130112,162.27999999999997,3,2,2,有,有,22844711,155410,坡道平面,30.85,2419222,配合合建計畫承購戶,RPQNMLTKKHKGFDF58EA,79.82,2.73,5.27,有,
汐止區,房地(土地+建物)+車位,新北市汐止區新興路８１之２號十五樓,17.91,住,,,1140102,土地1建物1車位1,十五層,二十一層,住宅大樓(11層含以上有電梯),住家用,鋼筋混凝土構造,1130112,129.75,2,2,1,有,有,17190989,149361,坡道平面,30.85,2419222,配合合建計畫承購戶,RPRNMLTKKHKGFDF68EA,59.14,1.38,5.34,有,
汐止區,房地(土地+建物)+車位,新北市汐止區新興路７７之１號十二樓,23.98,住,,,1140102,土地1建物1車位1,十二層,二十一層,住宅大樓(11層含以上有電梯),住家用,鋼筋混凝土構造,1130112,162.27999999999997,3,2,2,有,有,12544461,85338,坡道平面,30.85,1328440,配合合建計畫承購戶,RPSNMLTKKHKGFDF78EA,79.82,2.73,5.27,有,
汐止區,房地(土地+建物)+車位,新北市汐止區新興路８１之２號十二樓,17.91,住,,,1140102,土地1建物1車位1,十二層,二十一層,住宅大樓(11層含以上有電梯),住家用,鋼筋混凝土構造,1130112,129.75,2,2,1,有,有,10154115,88144,坡道平面,30.85,1436632,配合合建計畫承購戶,RPTNMLTKKHKGFDF88EA,59.14,1.38,5.34,有,
萬里區,土地,瑪鋉段1445-1地號,122.38,,山坡地保育區,農牧用地,1140122,土地2建物0車位0,,,其他,,,,0.0,0,0,0,無,無,560501,4580,,0.0,0,政府機關標讓售；,RPQNMLKLKHKGFDF77EA,0.0,0.0,0.0,無,
萬里區,房地(土地+建物)+車位,新北市萬里區玉田７９號７樓,20.34,住,,,1140130,土地1建物1車位1,七層,十層,華廈(10層含以下有電梯),住家用,鋼筋混凝土造,0870625,53.34,1,1,1,有,有,2880000,53993,坡道平面,0.0,0,夾層；,RPQNMLOLKHKGFDF18EA,27.59,0.63,6.14,有,
淡水區,房地(土地+建物)+車位,新北市淡水區新市二路三段３６巷２２號十一樓,15.11,住,,,1140109,土地1建物1車位1,十一層,十五層,住宅大樓(11層含以上有電梯),住家用,鋼筋混凝土造,1131122,129.78,2,2,1,有,有,11660000,101920,坡道平面,29.8,1470000,預售屋、或土地及建物分件登記案件；,RPQNMLSKKHKGFEF58EA,59.09,0.0,5.53,有,
淡水區,房地(土地+建物)+車位,新北市淡水區新市二路三段３６巷１６號六樓,23.08,住,,,1140102,土地1建物1車位1,六層,十五層,住宅大樓(11層含以上有電梯),住家用,鋼筋混凝土造,1131122,182.39,3,2,2,有,有,16490000,96795,坡道平面,29.8,1720000,預售屋、或土地及建物分件登記案件；,RPRNMLSKKHKGFEF68EA,92.37,0.0,6.17,有,
淡水區,房地(土地+建物)+車位,新北市淡水區新市二路三段３６巷１２號十三樓,14.57,住,,,1140107,土地1建物1車位1,十三層,十五層,住宅大樓(11層含以上有電梯),住家用,鋼筋混凝土造,1131122,126.3,2,2,1,有,有,11370000,100725,坡道平面,29.8,1650000,預售屋、或土地及建物分件登記案件；,RPSNMLSKKHKGFEF78EA,57.25,0.0,5.05,有,
淡水區,房地(土地+建物)+車位,新北市淡水區新市二路三段３６巷２２號十四樓,15.11,住,,,1140109,土地1建物1車位1,十四層,十五層,住宅大樓(11層含以上有電梯),住家用,鋼筋混凝土造,1131122,129.78,2,2,1,有,有,11720000,100720,坡道平面,29.8,1650000,預售屋、或土地及建物分件登記案件；,RPUNMLSKKHKGFEF98EA,59.09,0.0,5.53,有,
淡水區,房地(土地+建物)+車位,新北市淡水區新市二路三段３６巷１８號七樓,12.92,住,,,1140115,土地1建物1車位1,七層,十五層,住宅大樓(11層含以上有電梯),住家用,鋼筋混凝土造,1131122,114.16999999999999,2,2,1,有,有,10110000,101661,坡道平面,28.69,1420000,預售屋、或土地及建物分件登記案件；,RPROMLSKKHKGFEF78EA,50.49,0.0,4.7,有,
淡水區,房地(土地+建物)+車位,新北市淡水區新市二路三段３６巷３２號三樓,14.32,住,,,1140105,土地1建物1車位1,三層,十五層,住宅大樓(11層含以上有電梯),住家用,鋼筋混凝土造,1131122,124.64,2,2,1,有,有,11110000,99747,坡道平面,29.8,1650000,預售屋、或土地及建物分件登記案件；,RPSOMLSKKHKGFEF88EA,56.17,0.0,5.05,有,
石門區,土地,老梅段九芎林小段94地號,71.55,,山坡地保育區,丙種建築用地,1140124,土地1建物0車位0,,,其他,,,,0.0,0,0,0,無,無,110228,1541,,0.0,0,未登記建物；地清或未辦繼承標售；,RPWPMLPLKHKGFEF56EA,0.0,0.0,0.0,無,088
三重區,房地(土地+建物),新北市三重區光明路１１７號二樓之四,16.96,住,,,1140103,土地1建物1車位0,二層,七層,華廈(10層含以下有電梯),住家用,鋼筋混凝土造,0820511,121.38,3,2,2,有,有,15140000,124732,,0.0,0,親友、員工、共有人或其他特殊關係間之交易；,RPPPMLKLKHKGFGF18EA,88.84,0.0,2.24,有,
土城區,房地(土地+建物),新北市土城區員林街１２巷３號八樓,16.43,住,,,1140106,土地1建物1車位0,八層,十二層,住宅大樓(11層含以上有電梯),住家用,鋼筋混凝土造,0830125,102.07,2,2,2,有,有,13000000,127364,,0.0,0,陽台外推；其他增建；,RPQOMLPKJHKGFAF77DA,72.75,1.67,11.15,有,089
新莊區,房地(土地+建物),新北市新莊區化成路２０５號之１３三樓,16.89,工,,,1140112,土地1建物1車位0,三層,五層,華廈(10層含以下有電梯),工業用,鋼筋混凝土造,0820828,66.38,2,1,1,有,有,8850000,133323,,0.0,0,陽台外推；其他增建；,RPRNMLMKJHKGFBF57DA,49.45,0.38,4.54,有,
新莊區,房地(土地+建物)+車位,新北市新莊區福美街９０巷５３號七樓,30.52,住,,,1140103,土地1建物1車位2,七層,十四層,住宅大樓(11層含以上有電梯),住家用,鋼筋混凝土造,1000908,225.01999999999998,4,2,2,有,有,32300000,171871,坡道平面,66.18,5000000,其他增建；,RPOPMLPKJHKGFBF77DA,97.8,5.08,10.23,有,
新莊區,房地(土地+建物),新北市新莊區中港路１３８巷７弄６號五樓,27.87,住,,,1140113,土地1建物1車位0,五層，陽台,五層,公寓(5樓含以下無電梯),住家用,鋼筋混凝土造,0691111,99.43,3,2,2,有,無,11550000,116162,,0.0,0,頂樓加蓋；,RPRQMLLKKHKGFBF87DA,99.43,0.0,0.0,無,090
新莊區,土地,興化段897地號,355.94,農,,,1140108,土地1建物0車位0,,,其他,,,,0.0,0,0,0,無,無,27994200,78649,,0.0,0,,RPQNMLSKKHKGFBF18DA,0.0,0.0,0.0,無,091
新莊區,土地,興化段897地號,661.8,農,,,1140106,土地1建物0車位0,,,其他,,,,0.0,0,0,0,無,無,52046800,78644,,0.0,0,,RPSNMLSKKHKGFBF38DA,0.0,0.0,0.0,無,091
新店區,房地(土地+建物)+車位,新北市新店區安民街２２２之１號五樓,22.38,住,,,1140102,土地1建物1車位1,五層,九層,華廈(10層含以下有電梯),住家用,鋼筋混凝土造,0930119,153.95,4,2,2,有,有,23000000,149399,坡道平面,24.37,0,陽台外推；,RPOOMLTKKHKGFCF28DA,81.3,0.64,15.2,有,
汐止區,房地(土地+建物)+車位,新北市汐止區大同路一段３０６號６樓之１,64.91,工,,,1140108,土地1建物2車位4,六層,十三層,住宅大樓(11層含以上有電梯),工業用,鋼筋混凝土造,0850812,558.96,0,0,0,無,有,41850000,74871,坡道機械,0.0,0,總價款4185萬元包含土地價款2930萬元、房屋+車位價款1255萬元,RPTNMLLLKHKGFDF08DA,305.76,0.0,0.0,有,
汐止區,房地(土地+建物),新北市汐止區新台五路二段９３號１５樓之６,3.71,住,,,1140113,土地1建物1車位0,十五層,二十五層,住宅大樓(11層含以上有電梯),住家用,鋼筋混凝土造,0840824,64.25,2,1,1,有,有,10200000,158755,,0.0,0,,RPVNMLLLKHKGFDF28DA,46.31,1.87,0.0,有,
汐止區,車位,新北市汐止區青山路１５號等公共設施,0.0,,,,1140122,土地0建物1車位1,,,其他,,,,42.72,0,0,0,無,有,1600000,,坡道平面,42.72,1600000,建物坐落地號：智興段954地號；僅車位交易；,RPVOMLLLKHKGFDF38DA,0.0,0.0,0.0,有,093
淡水區,房地(土地+建物)+車位,新北市淡水區八勢一街３９巷３號十八樓,28.65,住,,,1140103,土地1建物1車位1,十八層,二十三層,住宅大樓(11層含以上有電梯),住家用,鋼骨構造,1130620,185.76,3,2,2,有,有,24370000,149722,坡道平面,33.01,1500000,新成屋尚未成立管委會，後達一定交屋戶數後成立管委會。,RPUNMLLLKHKGFEF28DA,92.75,2.12,5.28,有,
三重區,房地(土地+建物),新北市三重區忠孝路一段１０巷２８之１號二樓,28.0,住,,,1140104,土地1建物1車位0,二層,二層,公寓(5樓含以下無電梯),住家用,加強磚造,0541212,43.86,1,1,1,有,無,8000000,182399,,0.0,0,陽台外推；頂樓加蓋；,RPVNMLLLJHKGFGF48DA,43.86,0.0,0.0,無,
蘆洲區,房地(土地+建物),新北市蘆洲區國道路二段１０７號十樓,18.55,工,,,1140101,土地1建物1車位0,十層,十二層,住宅大樓(11層含以上有電梯),商辦用,鋼筋混凝土造,0960530,91.07000000000001,2,2,1,有,有,12150000,133414,,0.0,0,,RPSNMLTKKHKGFGF98DA,60.24,1.99,4.08,有,
中和區,房地(土地+建物)+車位,新北市中和區中正路８８０號十五樓之二,55.77,工,,,1140113,土地3建物2車位2,十五層,十七層,住宅大樓(11層含以上有電梯),辦公用,鋼筋混凝土造,0910617,545.5999999999999,0,0,0,無,有,61300000,110708,坡道平面,28.02,4000000,,RPOOMLQKJHKGFHF38DA,320.34,0.0,0.0,有,
中和區,房地(土地+建物),新北市中和區華新街６１號二樓,23.56,住,,,1140102,土地1建物1車位0,二層，陽台,五層,公寓(5樓含以下無電梯),住家用,鋼筋混凝土造,0670811,85.55,2,2,1,有,無,9700000,113384,,0.0,0,陽台外推；其他增建；,RPQNMLLLJHKGFHF08DA,85.55,0.0,0.0,無,
中和區,房地(土地+建物),新北市中和區景平路５４５巷３號五樓,25.76,住,,,1140116,土地1建物1車位0,五層，陽台,五層,公寓(5樓含以下無電梯),住家用,鋼筋混凝土造,0670518,80.56,3,2,1,有,無,9900000,122890,,0.0,0,陽台外推；頂樓加蓋；其他增建；,RPSOMLPJKHKGFHF68DA,80.56,0.0,0.0,無,
永和區,房地(土地+建物),新北市永和區文化路１１３巷１３弄１１號三樓,35.8,住,,,1140118,土地1建物1車位0,三層，陽台,五層,公寓(5樓含以下無電梯),住家用,鋼筋混凝土造,0690210,125.73,4,2,2,有,無,17500000,139187,,0.0,0,陽台外推；,RPPNMLNKKHKGFHF18DA,125.73,0.0,0.0,無,
中和區,房地(土地+建物),新北市中和區宜安路１３７號四樓,10.15,都市：其他:住宅區,,,1140108,土地1建物1車位0,四層,七層,華廈(10層含以下有電梯),住家用,鋼筋混凝土造,0810516,59.1,3,2,2,有,有,3260000,55161,,0.0,0,親友、員工、共有人或其他特殊關係間之交易；陽台外推；,RPWNMLLLKHKGFHF78DA,45.52,0.6,3.49,有,094
樹林區,房地(土地+建物)+車位,新北市樹林區大安路１１１巷５５號十四樓,17.82,住,,,1140118,土地1建物1車位1,十四層,十四層,住宅大樓(11層含以上有電梯),住家用,鋼筋混凝土造,0831210,136.74,3,2,1,有,有,14000000,102384,坡道平面,0.0,0,,RPUOMLRKKHKGFIF66DA,69.54,0.0,8.15,有,
三峽區,房地(土地+建物),新北市三峽區二鬮路１１０巷４４號七樓,43.98,,山坡地保育區,丙種建築用地,1140108,土地1建物1車位0,七層,七層,華廈(10層含以下有電梯),住家用,鋼筋混凝土造,0830527,106.62,3,2,2,有,有,5900000,55332,,0.0,0,,RPOOMLSKKHKGFIF78DA,72.41,0.86,9.21,有,
樹林區,房地(土地+建物),新北市樹林區太順街９６巷２５號二樓,27.56,住,,,1140119,土地1建物1車位0,二層,五層,公寓(5樓含以下無電梯),住家用,鋼筋混凝土造,0751015,87.58,3,2,2,有,無,8880000,101393,,0.0,0,陽台外推；,RPROMLTKKHKGFIF56DA,76.64,0.0,10.94,無,
三峽區,房地(土地+建物),新北市三峽區介壽路一段２７６巷１０８弄５號三樓,21.22,住,,,1140105,土地1建物1車位0,三層,五層,公寓(5樓含以下無電梯),住家用,鋼筋混凝土造,0800903,77.33000000000001,2,2,1,有,無,6000000,77590,,0.0,0,其他增建；,RPQNMLOLKHKGFIF58DA,65.08,0.62,7.09,無,
板橋區,房地(土地+建物)+車位,新北市板橋區中山路二段光榮巷１９號,21.71,住,,,1140111,土地1建物1車位1,一層,七層,華廈(10層含以下有電梯),住家用,鋼筋混凝土造,0850626,145.99,3,2,1,有,有,19700000,134941,坡道平面,0.0,2500000,其他增建；,RPSNMLRKKHKGFAF28EA,82.24,0.0,9.89,有,
新店區,房地(土地+建物)+車位,新北市新店區環河路３２號二樓之一,10.91,住,,,1140124,土地2建物1車位1,二層,三十六層,住宅大樓(11層含以上有電梯),住家用,鋼骨混凝土造,0880826,154.03,2,2,2,有,有,25600000,166201,坡道機械,15.99,0,親友、員工、共有人或其他特殊關係間之交易；,RPQNMLLLKHKGFCF77EA,92.13,0.0,10.18,有,
新店區,房地(土地+建物)+車位,新北市新店區吉祥街１５巷３５號二樓,49.42,都市：其他:已開發建築密集地區,,,1140114,土地6建物1車位1,二層，三層,五層,公寓(5樓含以下無電梯),住家用,鋼筋混凝土造,0780202,145.76,3,2,2,有,有,9000000,61741,坡道平面,0.0,0,,RPWNMLLLKHKGFCF38EA,113.65,11.57,13.75,無,
汐止區,房地(土地+建物)+車位,新北市汐止區大同路三段１９６之１１號,33.55,工,,,1140106,土地1建物1車位2,一層,十層,華廈(10層含以下有電梯),工業用,鋼筋混凝土造,0810629,355.47999999999996,0,0,0,無,有,21000000,59075,坡道平面,63.66,0,,RPTNMLLLKHKGFDF18EA,255.79,13.77,0.0,有,
淡水區,房地(土地+建物)+車位,新北市淡水區新市二路三段３６巷１０號八樓,14.32,住,,,1140111,土地1建物1車位1,八層,十五層,住宅大樓(11層含以上有電梯),住家用,鋼筋混凝土造,1131122,124.64,2,2,1,有,有,11190000,102172,坡道平面,29.8,1500000,預售屋、或土地及建物分件登記案件；,RPXOMLSKKHKGFEF76EA,56.17,0.0,5.05,有,
淡水區,房地(土地+建物)+車位,新北市淡水區新市二路三段３６巷８號十二樓,23.61,住,,,1140118,土地1建物1車位1,十二層,十五層,住宅大樓(11層含以上有電梯),住家用,鋼筋混凝土造,1131122,186.01,3,2,2,有,有,16960000,97369,坡道平面,29.8,1750000,預售屋、或土地及建物分件登記案件；,RPOPMLSKKHKGFEF58EA,93.35,0.0,7.51,有,
淡水區,房地(土地+建物)+車位,新北市淡水區新市二路三段３６巷１２號十二樓,14.57,住,,,1140115,土地1建物1車位1,十二層,十五層,住宅大樓(11層含以上有電梯),住家用,鋼筋混凝土造,1131122,126.3,2,2,1,有,有,11370000,102591,坡道平面,29.8,1470000,預售屋、或土地及建物分件登記案件；,RPPNMLKLKHKGFEF77EA,57.25,0.0,5.05,有,
淡水區,房地(土地+建物)+車位,新北市淡水區新市二路三段３６巷２０號十樓,15.11,住,,,1140122,土地1建物1車位1,十層,十五層,住宅大樓(11層含以上有電梯),住家用,鋼筋混凝土造,1131122,129.78,2,2,1,有,有,11970000,102220,坡道平面,29.8,1750000,預售屋、或土地及建物分件登記案件；,RPQNMLKLKHKGFEF87EA,59.09,0.0,5.53,有,
淡水區,房地(土地+建物)+車位,新北市淡水區新市二路三段３６巷３８號十四樓,23.26,住,,,1140105,土地1建物1車位1,十四層,十五層,住宅大樓(11層含以上有電梯),住家用,鋼筋混凝土造,1131122,183.61,3,2,2,有,有,16620000,96353,坡道平面,29.8,1800000,預售屋、或土地及建物分件登記案件；,RPTNMLKLKHKGFEF18EA,92.93,0.0,6.39,有,
淡水區,房地(土地+建物)+車位,新北市淡水區新春街１０３之３７號五樓,25.92,住,,,1140104,土地1建物1車位1,五層,九層,華廈(10層含以下有電梯),住家用,鋼筋混凝土造,1041223,144.05,3,2,2,有,有,12300000,88748,坡道平面,21.23,1400000,,RPOOMLKLKHKGFEF77EA,74.99,5.38,4.86,有,095
淡水區,房地(土地+建物)+車位,新北市淡水區義山路一段１９８號九樓,26.14,住,,,1140107,土地1建物1車位1,九層,十四層,住宅大樓(11層含以上有電梯),住家用,鋼筋混凝土造,1061201,179.07,3,2,2,有,有,14800000,91768,坡道平面,33.05,1400000,,RPTNMLOLKHKGFEF58EA,86.31,6.1,4.62,有,096
瑞芳區,土地,黃金段2297地號,107.95,,特定專用區,特定目的事業用地,1140109,土地1建物0車位0,,,其他,,,,0.0,0,0,0,無,無,500443,4636,,0.0,0,,RPPNMLSKKHKGFFF58EA,0.0,0.0,0.0,無,
三重區,房地(土地+建物),新北市三重區龍門路２４號八樓,7.33,住,,,1140114,土地1建物1車位0,八層,十五層,住宅大樓(11層含以上有電梯),住家用,鋼筋混凝土造,0980218,56.24,1,1,1,有,有,12600000,224040,,0.0,0,,RPVNMLKLKHKGFGF58EA,33.79,0.0,5.03,有,097
中和區,房地(土地+建物),新北市中和區復興路２８０巷１１弄３號四樓,29.34,住,,,1140101,土地1建物1車位0,四層，陽台,四層,公寓(5樓含以下無電梯),住家用,鋼筋混凝土造,0661031,87.36,5,2,2,有,無,15350000,175710,,0.0,0,頂樓加蓋；,RPROMLLLKHKGFHF48EA,87.36,0.0,0.0,無,
中和區,房地(土地+建物),新北市中和區大仁街１０巷１１號三樓,41.64,住,,,1140119,土地1建物1車位0,三層，陽台,四層,公寓(5樓含以下無電梯),住家用,加強磚造,0640526,99.8,3,2,1,有,無,7600000,76152,,0.0,0,受債權債務關係影響或債務抵償；,RPPNMLOLKHKGFHF48EA,99.8,0.0,0.0,無,
三峽區,土地,五寮段五寮小段54-12地號,67.0,,森林區,交通用地,1140106,土地2建物0車位0,,,其他,,,,0.0,0,0,0,無,無,120600,1800,,0.0,0,包含公共設施保留地用地；,RPPNMLKLJHKGFIF08EA,0.0,0.0,0.0,無,
樹林區,房地(土地+建物),新北市樹林區中正路２４８巷２８弄１８號二樓,58.35,工,,,1140113,土地1建物1車位0,二層,二層,公寓(5樓含以下無電梯),工業用,鋼筋混凝土造,,76.53,3,1,2,有,無,4000000,52267,,0.0,0,親友、員工、共有人或其他特殊關係間之交易；,RPPNMLKLKHKGFIF18EA,76.53,0.0,0.0,無,
土城區,房地(土地+建物),新北市土城區青雲路２９５巷１３號三樓,18.51,住,,,1140115,土地1建物1車位0,三層,五層,公寓(5樓含以下無電梯),住家用,鋼筋混凝土造,0720520,77.25,2,2,1,有,無,8350000,108091,,0.0,0,陽台外推；,RPORMLNJKHKGFAF67DA,62.19,0.0,15.06,無,
板橋區,房地(土地+建物),新北市板橋區新生街２０巷１８號,25.14,住,,,1140121,土地1建物1車位0,一層,五層,公寓(5樓含以下無電梯),住家用,鋼筋混凝土造,0740501,97.69,3,2,2,有,無,18200000,186304,,0.0,0,,RPWQNLRJKHKGFAF88DA,87.06,10.63,0.0,無,
板橋區,房地(土地+建物),新北市板橋區稚暉街４６巷１４號二樓,29.6,住,,,1140119,土地1建物1車位0,二層,五層,公寓(5樓含以下無電梯),住家用,鋼筋混凝土造,,85.49,4,0,4,有,無,11880000,138964,,0.0,0,陽台外推；,RPUOMLMKKHKGFAF97DA,65.75,6.37,6.6,無,
土城區,房地(土地+建物),新北市土城區員林街３０之１號十樓,13.96,住,,,1140115,土地1建物1車位0,十層,十二層,住宅大樓(11層含以上有電梯),住家用,鋼筋混凝土造,0830125,88.08999999999999,2,2,1,有,有,14980000,170053,,0.0,0,陽台外推；,RPOOMLNKKHKGFAF47DA,63.44,1.19,9.44,有,098
板橋區,房地(土地+建物)+車位,新北市板橋區南雅南路二段１１之１７號十八樓,19.86,住,,,1140110,土地3建物1車位1,十八層,二十層,住宅大樓(11層含以上有電梯),住家用,鋼筋混凝土造,0860911,166.3,3,2,2,有,有,24800000,187266,坡道平面,48.82,2800000,陽台外推；其他增建；,RPQSMLRKKHKGFAF48DA,94.55,0.0,12.57,有,
板橋區,房地(土地+建物)+車位,新北市板橋區華江一路１１３號八樓之８,12.65,商,,,1140105,土地1建物1車位1,八層,十九層,住宅大樓(11層含以上有電梯),住家用,鋼骨鋼筋混凝土造,1120908,149.19,3,2,2,有,有,31000000,207789,坡道平面,30.05,0,,RPRTMLKLKHKGFAF08DA,69.16,5.03,4.59,有,
新莊區,房地(土地+建物),新北市新莊區昌平街７１巷２５號六樓,13.2,住,,,1140112,土地1建物1車位0,六層,十六層,住宅大樓(11層含以上有電梯),住家用,鋼筋混凝土造,0840713,104.19,2,2,1,有,有,14000000,134370,,0.0,0,陽台外推；其他增建；,RPTPMLLLJHKGFBF97DA,62.91,0.0,8.67,有,
新莊區,房地(土地+建物),新北市新莊區中港路１８８號九樓之３,9.57,住,,,1140105,土地1建物1車位0,九層,十二層,住宅大樓(11層含以上有電梯),住家用,鋼筋混凝土造,1130819,66.43,2,2,1,有,有,14410000,216920,,0.0,0,,RPVNMLMLJHKGFBF08DA,39.43,0.0,4.08,有,
新莊區,房地(土地+建物)+車位,新北市新莊區中環路二段４３３號十五樓,26.47,住,,,1140109,土地2建物1車位1,十五層,十九層,住宅大樓(11層含以上有電梯),住家用,鋼筋混凝土造,1020812,171.4,3,2,2,有,有,23000000,153336,坡道平面,35.75,2200000,,RPXOMLNLJHKGFBF48DA,82.24,4.73,5.89,有,099
新莊區,房地(土地+建物)+車位,新北市新莊區中智街１１號三樓,16.42,住,,,1140119,土地1建物1車位1,三層,十八層,住宅大樓(11層含以上有電梯),住家用,鋼筋混凝土造,1120928,131.93,2,2,1,有,有,23000000,213209,坡道平面,35.78,2500000,,RPTOMLMKKHKGFBF97DA,58.5,0.0,4.62,有,100
新莊區,房地(土地+建物)+車位,新北市新莊區新樹路４４０號九樓,15.73,住,,,1140105,土地2建物1車位1,九層,十四層,住宅大樓(11層含以上有電梯),住家用,鋼筋混凝土造,0990317,138.97,4,2,2,有,有,21450000,175273,坡道平面,28.0,2000000,,RPRPMLLLKHKGFBF87DA,106.04,0.0,13.32,有,
汐止區,房地(土地+建物),新北市汐止區建成路１６０巷４７號九樓,9.63,住,,,1140105,土地1建物1車位0,九層,十四層,住宅大樓(11層含以上有電梯),住家用,鋼筋混凝土造,0851116,75.31,2,2,1,有,有,12360000,164122,,0.0,0,其他增建；,RPTNMLOLJHKGFDF28DA,50.19,0.0,6.26,有,
萬里區,房地(土地+建物),新北市萬里區仁一街６號４樓,18.29,,鄉村區,乙種建築用地,1140119,土地1建物1車位0,四層,四層,公寓(5樓含以下無電梯),住家用,鋼筋混凝土造,0680926,63.65,2,1,1,有,無,1300000,20424,,0.0,0,頂樓加蓋；,RPSNMLSJKHKGFDF48DA,60.13,0.0,3.52,無,101
萬里區,房地(土地+建物),新北市萬里區新墾丁路４８號８樓之１,20.45,住,,,1140120,土地1建物1車位0,八層,十四層,住宅大樓(11層含以上有電梯),住家用,鋼筋混凝土造,0890414,50.61,1,1,1,有,有,1224800,24201,,0.0,0,,RPPNMLTKKHKGFDF38DA,31.77,0.0,3.64,有,
萬里區,房地(土地+建物),新北市萬里區新墾丁路２４號１３樓之１,29.88,住,,,1140120,土地1建物1車位0,十三層,十四層,住宅大樓(11層含以上有電梯),住家用,鋼筋混凝土造,0890504,73.9,1,1,1,有,有,1788800,24206,,0.0,0,,RPSNMLTKKHKGFDF68DA,45.73,0.0,5.07,有,
萬里區,房地(土地+建物),新北市萬里區新墾丁路２２號１２樓之１,29.88,住,,,1140120,土地1建物1車位0,十二層,十四層,住宅大樓(11層含以上有電梯),住家用,鋼筋混凝土造,0890504,73.9,1,1,1,有,有,1788800,24206,,0.0,0,,RPVNMLTKKHKGFDF98DA,45.73,0.0,5.07,有,
萬里區,房地(土地+建物),新北市萬里區新墾丁路４０號６樓之３,18.26,住,,,1140120,土地1建物1車位0,六層,十四層,住宅大樓(11層含以上有電梯),住家用,鋼筋混凝土造,0890414,46.589999999999996,1,1,1,有,有,1127200,24194,,0.0,0,,RPWNMLTKKHKGFDF09DA,28.45,0.0,4.49,有,
汐止區,房地(土地+建物)+車位,新北市汐止區康寧街７５１巷１３號８樓之３,17.45,都市：其他:風景區,,,1140115,土地2建物1車位1,八層,二十三層,住宅大樓(11層含以上有電梯),住家用,鋼筋混凝土造,0850718,162.03,2,2,2,有,有,14500000,89490,坡道平面,0.0,0,陽台外推；其他增建；,RPTOMLTKKHKGFDF88DA,141.55,0.0,10.72,有,
汐止區,房地(土地+建物)+車位,新北市汐止區湖前街１１０巷９７弄１６之３號８樓,73.09,,山坡地保育區,丙種建築用地,1140112,土地4建物1車位1,八層,十二層,住宅大樓(11層含以上有電梯),住家用,鋼筋混凝土造,0881202,261.59,4,2,2,有,有,25400000,97099,坡道平面,0.0,1200000,,RPPNMLLLKHKGFDF67DA,175.88,0.0,22.69,有,
汐止區,房地(土地+建物),新北市汐止區福德一路６１號十一樓,8.34,住,,,1140119,土地2建物1車位0,十一層,十六層,住宅大樓(11層含以上有電梯),住家用,鋼筋混凝土造,0860305,56.09,1,1,1,有,有,9000000,160456,,0.0,0,鐵鋁窗增建陽台外推；其他增建；,RPSOMLLLKHKGFDF08DA,36.89,0.0,5.22,有,102
淡水區,房地(土地+建物)+車位,新北市淡水區中正東路一段３巷９號八樓,43.5,工,,,1140123,土地1建物1車位2,八層,十層,華廈(10層含以下有電梯),工業用,鋼筋混凝土造,0880327,326.57,1,1,0,有,有,22000000,67367,坡道平面,73.44,0,,RPSNMLSJKHKGFEF58DA,173.15,4.61,0.0,有,103
三芝區,土地,大湖段1622地號,1110.93,,山坡地保育區,農牧用地,1140117,土地3建物0車位0,,,其他,,,,0.0,0,0,0,無,無,3988000,3590,,0.0,0,,RPPNMLQKKHKGFEF18DA,0.0,0.0,0.0,無,
淡水區,房地(土地+建物),新北市淡水區大忠街７３號三樓,25.3,住,,,1140118,土地1建物1車位0,三層,七層,華廈(10層含以下有電梯),住家用,鋼筋混凝土造,0830929,180.3,4,2,2,有,無,10800000,59900,,0.0,0,陽台外推；,RPPNMLLLKHKGFEF77DA,115.92,0.0,14.01,有,
淡水區,房地(土地+建物)+車位,新北市淡水區新市五路二段７號五樓,5.45,住,,,1140106,土地1建物1車位1,五層,二十層,住宅大樓(11層含以上有電梯),住家用,鋼筋混凝土造,1021203,43.59,3,2,2,有,有,2440000,55976,坡道平面,7.07,0,持分1/4。親友、員工、共有人或其他特殊關係間之交易；,RPWNMLLLKHKGFEF48DA,23.52,0.51,2.21,有,104
淡水區,房地(土地+建物),新北市淡水區新民街７６巷５號之１,52.47,住,,,1140106,土地2建物1車位0,二層，走廊,二層,公寓(5樓含以下無電梯),住家用,加強磚造,0650113,72.05,3,1,1,有,無,6000000,83276,,0.0,0,,RPQPMLOLKHKGFEF38DA,72.05,0.0,0.0,無,
淡水區,房地(土地+建物),新北市淡水區新民街７６巷５號,52.47,住,,,1140106,土地2建物1車位0,一層，走廊,二層,公寓(5樓含以下無電梯),住家用,加強磚造,0650113,72.05,2,1,1,有,無,7980000,110756,,0.0,0,,RPRPMLOLKHKGFEF48DA,72.05,0.0,0.0,無,
三重區,房地(土地+建物),新北市三重區光明路７２巷９號四樓,31.4,住,,,1140101,土地1建物1車位0,四層,五層,公寓(5樓含以下無電梯),住家用,鋼筋混凝土造,0760127,117.74,3,2,2,有,無,13800000,117207,,0.0,0,,RPQOMLSJJHKGFGF58DA,104.96,0.0,12.78,無,
蘆洲區,土地,民生段797地號,477.94,住,,,1140103,土地4建物0車位0,,,其他,,,,0.0,0,0,0,無,無,108830000,227706,,0.0,0,,RPXOMLTKKHKGFGF96DA,0.0,0.0,0.0,無,
三重區,房地(土地+建物),新北市三重區大智街８９號十一樓之八,10.01,住,,,1140113,土地1建物1車位0,十一層,二十層,住宅大樓(11層含以上有電梯),住家用,鋼筋混凝土造,1130809,73.22999999999999,2,1,1,有,有,16500000,225317,,0.0,0,,RPROMLKLKHKGFGF18DA,43.26,0.0,4.5,有,
蘆洲區,土地,正義段16地號,9.77,住,,,1140120,土地1建物0車位0,,,其他,,,,0.0,0,0,0,無,無,1860000,190379,,0.0,0,親友、員工、共有人或其他特殊關係間之交易；,RPXNMLLLKHKGFGF78DA,0.0,0.0,0.0,無,
永和區,車位,新北市永和區仁愛路３０９號二樓等,0.58,住,,,1140102,土地1建物1車位2,,,其他,,,,79.29,0,0,0,無,有,5080000,,坡道平面,79.28,5080000,僅車位交易；,RPRNMLSJKHKGFHF78DA,0.0,0.0,0.0,有,105
中和區,房地(土地+建物),新北市中和區中正路８２５號八樓之三,10.85,都市：其他:住宅區,,,1140104,土地2建物1車位0,八層,二十二層,住宅大樓(11層含以上有電梯),住家用,鋼筋混凝土造,0880915,122.92,3,2,2,有,有,19880000,161731,,0.0,0,陽台外推；其他增建；,RPVNMLNKKHKGFHF78DA,89.03,0.0,8.13,有,106
中和區,房地(土地+建物),新北市中和區保健路１０６巷１１號二樓,10.51,住,,,1140117,土地1建物1車位0,二層，陽台,五層,公寓(5樓含以下無電梯),住家用,鋼筋混凝土造,0671109,41.6,3,2,1,有,無,5500000,132212,,0.0,0,親友、員工、共有人或其他特殊關係間之交易；,RPOPMLLLKHKGFHF18DA,41.6,0.0,0.0,無,
三峽區,房地(土地+建物)+車位,新北市三峽區大德路２９０號六樓,12.02,住,,,1140109,土地1建物1車位1,六層,十三層,住宅大樓(11層含以上有電梯),住家用,鋼筋混凝土造,1001101,98.77000000000001,2,2,1,有,有,15000000,158977,坡道平面,15.11,1700000,陽台外推；其他增建；,RPWNMLNLJHKGFIF98DA,47.09,4.35,5.45,有,
樹林區,房地(土地+建物),新北市樹林區大慶街１９２號四樓,19.88,,山坡地保育區,丙種建築用地,1140106,土地2建物1車位0,四層,五層,公寓(5樓含以下無電梯),住家用,鋼筋混凝土造,0720120,64.9,3,2,1,有,無,3600000,55470,,0.0,0,,RPVOMLPJKHKGFIF09DA,57.25,0.0,7.65,無,
樹林區,房地(土地+建物),新北市樹林區中興街９巷１５號四樓,35.2,住,,,1140109,土地1建物1車位0,四層,五層,公寓(5樓含以下無電梯),住家用,鋼筋混凝土造,0740103,124.83,4,2,2,有,無,13000000,104142,,0.0,0,陽台外推；,RPWNMLLLKHKGFIF88DA,111.04,0.0,13.79,無,107
板橋區,房地(土地+建物),新北市板橋區南雅西路二段３０１巷４１弄２９號四樓,34.25,住,,,1140121,土地2建物1車位0,四層，陽台,四層,公寓(5樓含以下無電梯),住家用,鋼筋混凝土造,0681221,90.45,3,2,1,有,無,18000000,199005,,0.0,0,,RPVNMLRKKHKGFAF58EA,90.45,0.0,0.0,無,
林口區,土地,東林段263地號,81.59,都市：其他:農業區,,,1140108,土地4建物0車位0,,,其他,,,,0.0,0,0,0,無,無,1558394,19100,,0.0,0,,RPRNMLLLKHKGFBF77EA,0.0,0.0,0.0,無,
林口區,土地,東林段263地號,53.77,都市：其他:農業區,,,1140102,土地5建物0車位0,,,其他,,,,0.0,0,0,0,無,無,1080654,20098,,0.0,0,,RPSNMLLLKHKGFBF87EA,0.0,0.0,0.0,無,108
林口區,土地,東林段263地號,18.05,都市：其他:農業區,,,1140103,土地2建物0車位0,,,其他,,,,0.0,0,0,0,無,無,309996,17174,,0.0,0,,RPTNMLLLKHKGFBF97EA,0.0,0.0,0.0,無,109
林口區,土地,東林段263地號,45.11,都市：其他:農業區,,,1140124,土地2建物0車位0,,,其他,,,,0.0,0,0,0,無,無,818819,18152,,0.0,0,,RPUNMLLLKHKGFBF08EA,0.0,0.0,0.0,無,109
林口區,土地,東林段263地號,457.5,都市：其他:農業區,,,1140108,土地6建物0車位0,,,其他,,,,0.0,0,0,0,無,無,8719444,19059,,0.0,0,,RPPOMLLLKHKGFBF67EA,0.0,0.0,0.0,無,108
中和區,房地(土地+建物)+車位,新北市中和區中正路７００號十二樓之六,63.75,工,,,1140115,土地1建物2車位3,十二層,十八層,住宅大樓(11層含以上有電梯),辦公用,鋼筋混凝土造,0900227,745.99,0,0,0,無,有,88800000,119036,坡道平面,101.25,0,,RPPNMLKLKHKGFHF08EA,427.23,0.0,0.0,有,
永和區,房地(土地+建物),新北市永和區竹林路１７９巷１２號二樓,25.63,住,,,1140115,土地2建物1車位0,二層，陽台,七層,華廈(10層含以下有電梯),住家用,鋼筋混凝土造,0651120,110.37,3,2,2,有,有,18500000,167618,,0.0,0,陽台外推；,RPTOMLOLKHKGFHF98EA,110.37,0.0,0.0,有,112
樹林區,土地,北園段433地號,2502.71,,一般農業區,農牧用地,1140106,土地1建物0車位0,,,其他,,,,0.0,0,0,0,無,無,108260000,43257,,0.0,0,種植果樹,RPPNMLOLKHKGFIF58EA,0.0,0.0,0.0,無,
板橋區,房地(土地+建物),新北市板橋區民權路２６０巷４０號二樓,32.5,住,,,1140118,土地1建物1車位0,二層,四層,公寓(5樓含以下無電梯),住家用,鋼筋混凝土造,0631018,87.51,3,2,1,有,無,13900000,158839,,0.0,0,陽台外推；其他增建；,RPSOQLRJKHKGFAF58DA,72.47,0.0,15.04,無,
板橋區,房地(土地+建物),新北市板橋區新海路４３０巷１３號三樓,19.4,住,,,1140115,土地1建物1車位0,三層，陽台,五層,公寓(5樓含以下無電梯),住家用,鋼筋混凝土造,,68.57,2,2,1,有,無,7000000,102085,,0.0,0,陽台外推；,RPQNMLKLKHKGFAF37DA,68.57,0.0,0.0,無,
板橋區,房地(土地+建物),新北市板橋區龍興街７３巷１１號五樓,27.35,住,,,1140112,土地1建物1車位0,五層,五層,公寓(5樓含以下無電梯),住家用,鋼筋混凝土造,0700617,83.33,3,2,1,有,無,9100000,109204,,0.0,0,陽台外推；頂樓加蓋；,RPPNMLOLKHKGFAF67DA,73.14,0.0,10.19,無,
土城區,房地(土地+建物),新北市土城區員林街６１巷１弄２號,40.81,住,,,1140103,土地1建物1車位0,全,二層,透天厝,住家用,鋼筋混凝土造,,14.67,7,3,5,有,無,4800000,327198,,0.0,0,親友、員工、共有人或其他特殊關係間之交易；,RPQPMLOLKHKGFAF97DA,14.67,0.0,0.0,無,
板橋區,房地(土地+建物),新北市板橋區龍泉街１１９號五樓之一,6.68,住,,,1140121,土地1建物1車位0,五層,七層,華廈(10層含以下有電梯),住家用,鋼筋混凝土造,0840630,37.06,1,0,1,有,有,4800000,129520,,0.0,0,,RPQUMLOLKHKGFAF48DA,26.33,0.0,0.0,有,
板橋區,房地(土地+建物)+車位,新北市板橋區中正路３０２號四樓之１,9.36,住,,,1140110,土地1建物1車位1,四層,八層,華廈(10層含以下有電梯),住家用,鋼筋混凝土造,0890609,96.72999999999999,2,1,1,有,有,10900000,169389,坡道平面,47.14,2500000,,RPRUMLOLKHKGFAF58DA,36.12,0.0,0.0,有,
板橋區,房地(土地+建物),新北市板橋區英士路３７號九樓,5.97,商,,,1140107,土地1建物1車位0,九層,十四層,住宅大樓(11層含以上有電梯),住家用,鋼筋混凝土造,0880603,79.13,1,1,1,有,有,9700000,122583,,0.0,0,,RPPNMLPLKHKGFAF77DA,52.79,0.0,8.88,有,
新莊區,房地(土地+建物),新北市新莊區八德街６８巷９號三樓,21.75,住,,,1140108,土地1建物1車位0,三層，陽台,四層,公寓(5樓含以下無電梯),住家用,鋼筋混凝土造,0670621,82.12,3,2,1,有,無,7800000,94983,,0.0,0,陽台外推；其他增建；,RPPOMLKKJHKGFBF27DA,82.12,0.0,0.0,無,
新莊區,房地(土地+建物),新北市新莊區天祥街９２巷２號五樓,28.01,住,,,1140115,土地1建物1車位0,五層,五層,公寓(5樓含以下無電梯),住家用,鋼筋混凝土造,0721118,95.79,3,2,2,有,無,6000000,62637,,0.0,0,親友、員工、共有人或其他特殊關係間之交易；,RPSNMLQKJHKGFBF08DA,87.74,0.0,8.05,無,
林口區,房地(土地+建物)+車位,新北市林口區文化三路二段４０號六樓之二,31.64,商,,,1140105,土地1建物1車位2,六層,十九層,住宅大樓(11層含以上有電梯),辦公用,鋼筋混凝土造,1010712,329.19,3,2,3,有,有,41700000,126675,坡道平面,76.7,0,後陽台加增鋁窗其他增建；,RPWNMLNLJHKGFBF28DA,157.41,1.89,19.22,有,113
五股區,房地(土地+建物),新北市五股區新城一路１２號五樓,23.79,住,,,1140106,土地1建物1車位0,五層,十二層,住宅大樓(11層含以上有電梯),住家用,鋼筋混凝土造,1061027,112.19,2,2,1,有,有,14000000,124788,,0.0,0,,RPUNMLMKKHKGFBF97DA,65.72,2.9,6.33,有,114
泰山區,房地(土地+建物)+車位,新北市泰山區民生路９巷９號六樓,24.75,住,,,1140120,土地1建物1車位1,六層,八層,華廈(10層含以下有電梯),住家用,鋼筋混凝土造,0831026,144.58,3,2,2,有,有,12000000,82993,坡道平面,0.0,0,,RPTPMLRKKHKGFBF58DA,89.77,3.75,9.68,有,115
新店區,房地(土地+建物),新北市新店區安祥路１１０巷５１號十二樓,39.31,,山坡地保育區,丙種建築用地,1140110,土地1建物1車位0,十二層,十七層,住宅大樓(11層含以上有電梯),住家用,鋼筋混凝土造,0850213,78.31,2,2,1,有,有,6130000,78279,,0.0,0,其他增建；,RPTNMLRJKHKGFCF38DA,65.24,0.0,8.81,有,116
石碇區,土地,淡蘭段881地號,24.9,都市：其他:人行步道,,,1140124,土地2建物0車位0,,,其他,,,,0.0,0,0,0,無,無,2500000,100402,,0.0,0,親友、員工、共有人或其他特殊關係間之交易；未登記建物；,RPOOMLLKKHKGFCF47DA,0.0,0.0,0.0,無,
石碇區,土地,崩山段崩山小段188-1地號,2665.0,,山坡地保育區,農牧用地,1140106,土地1建物0車位0,,,其他,,,,0.0,0,0,0,無,無,5000000,1876,,0.0,0,,RPTNMLOLKHKGFCF28DA,0.0,0.0,0.0,無,
金山區,車位,新北市金山區仁愛路１５之１號等,0.49,住,,,1140110,土地1建物1車位1,,,其他,,,,34.09,0,0,0,無,有,1025200,,坡道平面,34.09,1025200,僅車位交易；,RPPNMLRJKHKGFDF08DA,0.0,0.0,0.0,有,117
萬里區,房地(土地+建物),新北市萬里區新墾丁路２４號１２樓之１,29.88,住,,,1140120,土地1建物1車位0,十二層,十四層,住宅大樓(11層含以上有電梯),住家用,鋼筋混凝土造,0890504,73.9,1,1,1,有,有,1788800,24206,,0.0,0,,RPQNMLTKKHKGFDF48DA,45.73,0.0,5.07,有,
萬里區,房地(土地+建物),新北市萬里區新墾丁路２２號１３樓之１,29.88,住,,,1140120,土地1建物1車位0,十三層,十四層,住宅大樓(11層含以上有電梯),住家用,鋼筋混凝土造,0890504,73.9,1,1,1,有,有,1788800,24206,,0.0,0,,RPUNMLTKKHKGFDF88DA,45.73,0.0,5.07,有,
萬里區,房地(土地+建物),新北市萬里區新墾丁路４８號６樓之１,20.45,住,,,1140120,土地1建物1車位0,六層,十四層,住宅大樓(11層含以上有電梯),住家用,鋼筋混凝土造,0890414,50.61,1,1,1,有,有,1224800,24201,,0.0,0,,RPXNMLTKKHKGFDF56DA,31.77,0.0,3.64,有,
汐止區,房地(土地+建物),新北市汐止區長江街７９巷６號３樓,40.65,住,,,1140101,土地2建物1車位0,三層,四層,公寓(5樓含以下無電梯),住家用,鋼筋混凝土造,0700325,104.17,3,2,2,有,無,8450000,81117,,0.0,0,陽台加窗其他增建；,RPUOMLLLKHKGFDF28DA,90.61,0.0,13.56,無,
淡水區,房地(土地+建物),新北市淡水區新春街４３巷２號五樓,6.25,住,,,1140115,土地2建物1車位0,五層,七層,華廈(10層含以下有電梯),住家用,鋼筋混凝土造,0790807,29.23,1,0,1,有,無,2880000,98529,,0.0,0,,RPVNMLNKKHKGFEF48DA,18.41,0.0,3.78,有,
三重區,房地(土地+建物)+車位,新北市三重區忠孝路三段１５３號十一樓,30.08,住,,,1140102,土地1建物1車位2,十一層,十四層,住宅大樓(11層含以上有電梯),住家用,鋼筋混凝土造,1121212,224.41,3,2,2,有,有,37000000,206945,坡道平面,68.33,4700000,,RPOOMLTKKHKGFGF68DA,87.1,8.51,8.35,有,
三重區,房地(土地+建物)+車位,新北市三重區大智街８９號十二樓之三,9.6,住,,,1140122,土地1建物1車位1,十二層,二十層,住宅大樓(11層含以上有電梯),住家用,鋼筋混凝土造,1130809,98.97,2,1,1,有,有,18700000,227465,坡道平面,27.97,2550000,,RPSOMLKLKHKGFGF28DA,42.66,0.0,3.61,有,
三重區,房地(土地+建物),新北市三重區大智街８９號十八樓之八,10.01,住,,,1140103,土地1建物1車位0,十八層,二十層,住宅大樓(11層含以上有電梯),住家用,鋼筋混凝土造,1130809,73.22999999999999,2,1,1,有,有,17580000,240066,,0.0,0,,RPUOMLKLKHKGFGF48DA,43.26,0.0,4.5,有,
蘆洲區,房地(土地+建物)+車位,新北市蘆洲區重陽一街３６號十二樓之二,15.67,住,,,1140110,土地1建物1車位1,十二層,十三層,住宅大樓(11層含以上有電梯),住家用,鋼筋混凝土造,0831221,122.43,2,2,1,有,有,19800000,161725,坡道平面,0.0,0,陽台增建，主建物內含梯廳空間其他增建；,RPRNMLOLKHKGFGF48DA,65.42,2.84,4.44,有,
蘆洲區,房地(土地+建物)+車位,新北市蘆洲區九芎街１７１號六樓,21.57,住,,,1140106,土地1建物1車位1,六層,七層,華廈(10層含以下有電梯),住家用,鋼筋混凝土造,1131025,106.12,2,1,1,有,有,19500000,204559,坡道平面,20.57,2000000,,RPWOMLOLKHKGFGF09DA,50.69,0.0,3.53,有,
蘆洲區,房地(土地+建物)+車位,新北市蘆洲區九芎街１６９號六樓,21.28,住,,,1140112,土地1建物1車位1,六層,七層,華廈(10層含以下有電梯),住家用,鋼筋混凝土造,1131025,105.0,2,1,1,有,有,19000000,193059,坡道平面,20.57,2700000,,RPXOMLOLKHKGFGF56DA,49.45,0.0,4.06,有,
永和區,房地(土地+建物),新北市永和區環河西路二段２０９巷１１號十五樓之一,2.38,住,,,1140115,土地1建物1車位0,十五層,二十一層,住宅大樓(11層含以上有電梯),住家用,鋼筋混凝土造,0870122,25.34,1,1,1,有,有,5500000,217048,,0.0,0,,RPQOMLRJKHKGFHF68DA,19.47,0.0,2.94,有,
中和區,房地(土地+建物),新北市中和區中山路二段１１８號十四樓之四,2.92,商,,,1140116,土地3建物1車位0,十四層,十四層,住宅大樓(11層含以上有電梯),住家用,鋼筋混凝土造,0840218,36.5,1,0,1,有,有,5500000,150685,,0.0,0,親友、員工、共有人或其他特殊關係間之交易；,RPWPMLRJKHKGFHF76DA,22.01,0.0,4.95,有,118
中和區,房地(土地+建物),新北市中和區安和路５１號五樓,16.87,住,,,1140111,土地1建物1車位0,五層，陽台,五層,公寓(5樓含以下無電梯),住家用,鋼筋混凝土造,0690924,71.95,3,2,1,有,無,9500000,132036,,0.0,0,,RPVNMLKLKHKGFHF58DA,71.95,0.0,0.0,無,
永和區,房地(土地+建物),新北市永和區秀朗路二段１２６巷２２號二樓,35.02,住,,,1140111,土地1建物1車位0,二層,五層,公寓(5樓含以下無電梯),住家用,鋼筋混凝土造,0700714,99.05999999999999,3,2,1,有,無,13500000,136281,,0.0,0,陽台外推；其他增建；,RPUOMLOLKHKGFHF98DA,74.91,0.0,16.16,無,119
永和區,房地(土地+建物),新北市永和區中正路５８９號,2.94,商,,,1140120,土地1建物1車位0,一層，騎樓，停車場,十一層,住宅大樓(11層含以上有電梯),商業用,鋼筋混凝土造,0780703,28.16,0,0,0,無,無,4880000,173295,,0.0,0,親友、員工、共有人或其他特殊關係間之交易；,RPOPMLOLKHKGFHF48DA,18.69,8.27,0.0,有,120
永和區,房地(土地+建物),新北市永和區永平路７９號三樓,17.46,住,,,1140102,土地1建物1車位0,三層,五層,公寓(5樓含以下無電梯),住家用,鋼筋混凝土造,0731228,76.65,3,2,2,有,無,9300000,121331,,0.0,0,,RPUPMLOLKHKGFHF09DA,68.37,0.0,8.28,無,
樹林區,房地(土地+建物)+車位,新北市樹林區保安街二段３２５巷４０號七樓之２,14.96,住,,,1140119,土地1建物1車位1,七層,九層,華廈(10層含以下有電梯),住家用,鋼筋混凝土造,0880208,104.67,2,2,1,有,有,11200000,107003,坡道平面,23.41,0,陽台外推；,RPTNMLKLKHKGFIF48DA,52.69,0.0,7.56,有,121
樹林區,土地,樹德段1465地號,42.57,都市：其他:道路用地,,,1140114,土地1建物0車位0,,,其他,,,,0.0,0,0,0,無,無,640000,15034,,0.0,0,包含公共設施保留地用地；,RPPOMLLLKHKGFIF28DA,0.0,0.0,0.0,無,
三峽區,房地(土地+建物),新北市三峽區民生街２７巷１２號八樓之２,3.71,都市：其他:住宅區,,,1140121,土地2建物1車位0,八層,十六層,住宅大樓(11層含以上有電梯),住家用,鋼筋混凝土造,0850401,28.310000000000002,1,1,1,有,有,4450000,157188,,0.0,0,,RPVNMLOLKHKGFIF09DA,18.2,0.89,0.0,有,122
土城區,房地(土地+建物),新北市土城區頂埔街１９巷１弄２０號三樓,25.38,都市：其他:住宅區,,,1140124,土地4建物1車位0,三層,四層,公寓(5樓含以下無電梯),住家用,鋼筋混凝土造,0720204,81.22,2,2,1,有,無,8560000,105393,,0.0,0,其他增建；,RPXOMLQKJHKGFAF68EA,71.52,0.0,9.7,無,
板橋區,房地(土地+建物)+車位,新北市板橋區文化路一段３０９之３１號六樓,34.69,住,,,1140119,土地1建物1車位1,六層,十四層,住宅大樓(11層含以上有電梯),住家用,鋼筋混凝土造,0950109,182.07,3,2,2,有,有,35680000,195969,坡道平面,0.0,0,陽台外推；,RPUNMLRKKHKGFAF48EA,99.41,0.0,11.47,有,
板橋區,房地(土地+建物),新北市板橋區金門街１９巷３號五樓,25.27,住,,,1140106,土地1建物1車位0,五層,五層,公寓(5樓含以下無電梯),住家用,鋼筋混凝土造,,80.67,3,2,2,有,無,9990000,123838,,0.0,0,頂加隔局 2房1廳1衛頂樓加蓋；,RPVNMLQLKHKGFAF58EA,66.69,0.0,13.98,無,123
林口區,土地,東林段263地號,86.42,都市：其他:農業區,,,1140102,土地6建物0車位0,,,其他,,,,0.0,0,0,0,無,無,1646608,19054,,0.0,0,,RPVNMLLLKHKGFBF18EA,0.0,0.0,0.0,無,108
林口區,土地,東林段261地號,38.95,都市：其他:農業區,,,1140103,土地3建物0車位0,,,其他,,,,0.0,0,0,0,無,無,1178340,30253,,0.0,0,,RPWNMLLLKHKGFBF28EA,0.0,0.0,0.0,無,108
林口區,土地,東林段263地號,90.23,都市：其他:農業區,,,1140103,土地2建物0車位0,,,其他,,,,0.0,0,0,0,無,無,1637628,18149,,0.0,0,,RPXNMLLLKHKGFBF38EA,0.0,0.0,0.0,無,109
林口區,土地,東林段261地號,19.48,都市：其他:農業區,,,1140116,土地3建物0車位0,,,其他,,,,0.0,0,0,0,無,無,589170,30245,,0.0,0,,RPOOMLLLKHKGFBF57EA,0.0,0.0,0.0,無,108
汐止區,房地(土地+建物)+車位,新北市汐止區連興街２４號１１樓　,11.92,商,,,1140105,土地1建物1車位1,十一層,二十三層,住宅大樓(11層含以上有電梯),住家用,鋼筋混凝土造,0850809,160.57,3,2,2,有,有,23500000,146354,坡道平面,0.0,2000000,,RPSNMLQLKHKGFDF58EA,82.86,1.72,11.67,有,
蘆洲區,車位,新北市蘆洲區長安街３３１巷５號地下一樓,0.14,住,,,1140107,土地1建物1車位1,地下層,七層,其他,防空避難室兼停車場,鋼筋混凝土造,0810420,42.55,0,0,0,無,有,2000000,,坡道平面,42.55,2000000,僅車位交易；,RPUNMLPLKHKGFGF98EA,0.0,0.0,0.0,有,128
鶯歌區,房地(土地+建物)+車位,新北市鶯歌區鶯桃路１８２巷９６弄１８號四樓,21.0,住,,,1140119,土地1建物1車位1,四層,七層,華廈(10層含以下有電梯),住家用,鋼筋混凝土造,0820903,121.97,3,1,2,有,有,9000000,73789,坡道平面,0.0,0,親友、員工、共有人或其他特殊關係間之交易；,RPRNMLLLKHKGFIF48EA,82.53,1.02,9.28,有,
樹林區,房地(土地+建物)+車位,新北市樹林區佳園路一段１３１號,32.94,住,,,1140112,土地1建物1車位1,一層,九層,華廈(10層含以下有電梯),住家用,鋼筋混凝土造,0961210,139.31,3,2,2,有,有,14500000,115197,坡道平面,26.46,1500000,陽台外推；夾層；其他增建；,RPQNMLPLKHKGFIF78EA,71.47,0.0,5.98,有,
板橋區,房地(土地+建物),新北市板橋區文化路一段３６０號十二樓之１５,1.09,住,,,1131214,土地1建物1車位0,十二層,四十層,住宅大樓(11層含以上有電梯),住家用,鋼骨構造,0990715,21.240000000000002,1,1,1,有,有,4600000,216573,,0.0,0,,RPVOMLQKKIJGFAF48DA,11.46,0.0,2.52,有,129
土城區,房地(土地+建物)+車位,新北市土城區中央路三段２８１巷１１弄２２號二樓,15.9,住,,,1131210,土地1建物1車位1,二層,十二層,住宅大樓(11層含以上有電梯),住家用,鋼筋混凝土造,0860813,112.13,3,1,2,有,有,13500000,120396,坡道機械,0.0,0,其他增建；,RPTQMLOLKIJGFAF38DA,64.69,0.0,7.92,有,
板橋區,房地(土地+建物),新北市板橋區新海路４３１巷３２號,30.0,住,,,1131212,土地1建物1車位0,一層，平台,五層,公寓(5樓含以下無電梯),住商用,鋼筋混凝土造,,82.85,4,1,1,有,無,11200000,135184,,0.0,0,,RPXPMLQJJHKGFAF58DA,82.85,0.0,0.0,無,
板橋區,房地(土地+建物),新北市板橋區板新路１６７號三樓,16.79,住,,,1131229,土地1建物1車位0,三層,十二層,住宅大樓(11層含以上有電梯),住家用,鋼筋混凝土造,0870917,127.52,4,2,2,有,有,23150000,181540,,0.0,0,其他增建；,RPSNMLSJJHKGFAF08DA,90.38,0.0,12.14,有,
板橋區,房地(土地+建物),新北市板橋區篤行路二段１６１巷１號,27.79,商,,,1131231,土地1建物1車位0,一層，騎樓,五層,公寓(5樓含以下無電梯),其他,鋼筋混凝土造,0740528,102.48,0,0,1,有,無,18880000,184231,,0.0,0,其他增建；,RPWTMLOKJHKGFAF78DA,96.38,6.1,0.0,無,130
土城區,房地(土地+建物),新北市土城區南天母路１１１巷７之１號三樓,18.61,,山坡地保育區,丙種建築用地,1131231,土地1建物1車位0,三層,七層,華廈(10層含以下有電梯),住家用,鋼筋混凝土造,0800831,57.61,1,0,1,有,有,5100000,88526,,0.0,0,,RPVOMLMLJHKGFAF08DA,36.13,0.0,4.98,有,
板橋區,房地(土地+建物),新北市板橋區新海路７２巷６９號,15.83,住,,,1131222,土地1建物1車位0,一層,九層,華廈(10層含以下有電梯),住家用,鋼筋混凝土造,0871111,96.96,1,3,2,有,有,19000000,195957,,0.0,0,依土地法34條之1多數決處份,RPTQOLRJKHKGFAF68DA,73.07,0.0,7.65,有,
板橋區,房地(土地+建物),新北市板橋區僑中二街１１４巷２９號五樓,29.31,住,,,1131225,土地1建物1車位0,五層,五層,公寓(5樓含以下無電梯),住家用,鋼筋混凝土造,0770129,91.35,3,2,2,有,無,3072974,33640,,0.0,0,親友、員工、共有人或其他特殊關係間之交易；,RPUNMLMKKHKGFAF87DA,81.61,0.0,9.74,無,
土城區,房地(土地+建物),新北市土城區立德路１０７號五樓之三,8.01,,,,1131215,土地2建物1車位0,五層,二十層,住宅大樓(11層含以上有電梯),住家用,鋼筋混凝土造,0871123,111.08,3,2,2,有,有,18000000,162045,,0.0,0,,RPSPMLMKKHKGFAF87DA,74.95,1.11,7.08,有,131
板橋區,房地(土地+建物),新北市板橋區長江路三段１１９號四樓,27.5,住,,,1131229,土地1建物1車位0,四層,四層,公寓(5樓含以下無電梯),住家用,加強磚造,,66.9,2,2,1,有,無,10700000,159940,,0.0,0,陽台外推；頂樓加蓋；,RPSNMLSKKHKGFAF28DA,66.9,0.0,0.0,無,
新莊區,房地(土地+建物),新北市新莊區建安街１０１巷２弄２號三樓,18.53,住,,,1131202,土地1建物1車位0,三層,七層,華廈(10層含以下有電梯),住家用,鋼筋混凝土造,0831104,96.75999999999999,3,2,2,有,無,13200000,136420,,0.0,0,,RPWOMLKMKIJGFBF28DA,74.29,0.0,7.92,有,132
五股區,房地(土地+建物)+車位,新北市五股區新城三路２７號五樓,14.28,住,,,1131226,土地1建物1車位1,五層,十三層,住宅大樓(11層含以上有電梯),住家用,鋼筋混凝土造,1060331,99.15,2,1,1,有,有,12880000,143772,坡道平面,24.17,2100000,,RPVNMLQKJHKGFBF38DA,42.77,4.14,3.32,有,133
新莊區,房地(土地+建物),新北市新莊區中信街１７６號十三樓之六,9.45,商,,,1131220,土地1建物1車位0,十三層,二十四層,住宅大樓(11層含以上有電梯),辦公用,鋼筋混凝土造,1060926,82.78,0,0,0,無,有,14500000,175163,,0.0,0,陽台外推；,RPPNMLMLJHKGFBF47DA,44.28,6.4,6.16,有,134
新莊區,房地(土地+建物)+車位,新北市新莊區福營路１８３號四樓,41.26,工,,,1131231,土地1建物1車位1,四層,十二層,住宅大樓(11層含以上有電梯),工業用,鋼筋混凝土造,0981016,292.07,7,0,7,有,有,24500000,94175,坡道平面,45.72,1300000,,RPWNMLQJKHKGFBF48DA,171.14,5.35,0.0,有,
林口區,房地(土地+建物),新北市林口區林口路１２４巷１１弄１７號二樓,53.36,住,,,1131221,土地1建物1車位0,二層，陽台,三層,公寓(5樓含以下無電梯),住家用,鋼筋混凝土造,0681020,95.41,3,2,2,有,無,7650000,80180,,0.0,0,其他增建；,RPVPMLRKKHKGFBF78DA,95.41,0.0,0.0,無,135
新莊區,房地(土地+建物)+車位,新北市新莊區中原路２６９號二樓,27.69,住,,,1131231,土地1建物1車位1,二層,九層,華廈(10層含以下有電梯),住家用,鋼筋混凝土造,0890502,190.1,4,2,2,有,有,10000000,52604,坡道平面,37.56,0,親友、員工、共有人或其他特殊關係間之交易；,RPUSMLSKKHKGFBF09DA,108.71,0.0,16.76,有,136
新莊區,房地(土地+建物),新北市新莊區龍安路４９３號四樓,27.04,住,,,1131229,土地1建物1車位0,四層,五層,公寓(5樓含以下無電梯),住家用,鋼筋混凝土造,0780527,90.06,2,2,1,有,無,9300000,103264,,0.0,0,其他增建；,RPVQMLTKKHKGFBF09DA,82.86,0.0,7.2,無,
新店區,房地(土地+建物)+車位,新北市新店區安民街３７之１號三樓,19.86,住,,,1131229,土地1建物1車位1,三層,十三層,住宅大樓(11層含以上有電梯),住家用,鋼筋混凝土造,0980501,166.36,3,2,2,有,有,24700000,171298,坡道平面,35.01,2200000,陽台外推；其他增建；,RPXNMLNKJHKGFCF38DA,80.32,4.11,10.37,有,
新店區,房地(土地+建物)+車位,新北市新店區安祥路１１０巷１８號五樓,55.97,,山坡地保育區,丙種建築用地,1131201,土地1建物1車位1,五層，電梯樓梯間,十六層,住宅大樓(11層含以上有電梯),住家用,鋼筋混凝土造,0840729,143.42,3,2,2,有,有,10200000,71120,坡道平面,0.0,1500000,,RPTNMLLKKHKGFCF87DA,86.04,1.7,9.95,有,137
新店區,房地(土地+建物),新北市新店區大新街７巷２５弄４號一樓,61.53,住,,,1131229,土地3建物1車位0,一層，騎樓,四層,公寓(5樓含以下無電梯),住家用,加強磚造,0591202,122.35,3,2,2,有,無,26500000,216592,,0.0,0,其他增建；,RPQNMLPKKHKGFCF97DA,122.35,0.0,0.0,無,
新店區,房地(土地+建物)+車位,新北市新店區安祥路１１０巷３０弄５號十六樓,68.11,,山坡地保育區,丙種建築用地,1131230,土地1建物1車位1,十六層,十六層,住宅大樓(11層含以上有電梯),住家用,鋼筋混凝土造,0841115,153.75,3,2,2,有,有,8900000,57886,坡道平面,0.0,0,其他增建；,RPPOMLSKKHKGFCF28DA,88.97,4.88,9.51,有,138
新店區,房地(土地+建物),新北市新店區富貴街１１巷３號五樓,25.97,都市：其他:已開發建築密集地區,,,1131202,土地3建物1車位0,五層,五層,公寓(5樓含以下無電梯),住家用,鋼筋混凝土造,0730127,108.64,3,2,2,有,無,11170000,102817,,0.0,0,陽台外推；,RPQOMLSKKHKGFCF38DA,94.79,0.0,13.85,無,139
汐止區,房地(土地+建物),新北市汐止區水源路二段７２巷６弄１號５樓,28.89,住,,,1131215,土地1建物1車位0,五層,六層,華廈(10層含以下有電梯),住家用,鋼筋混凝土造,0831103,155.38,3,1,2,有,有,14150000,91067,,0.0,0,陽台外推；其他增建；,RPQOMLLLJHKGFDF77DA,85.28,4.33,10.57,有,
汐止區,房地(土地+建物)+車位,新北市汐止區康寧街８３巷１０號５樓,16.61,住,,,1131231,土地1建物1車位1,五層,十三層,住宅大樓(11層含以上有電梯),住家用,鋼筋混凝土造,0841021,113.08000000000001,2,1,1,有,有,14860000,131411,坡道平面,0.0,0,陽台外推；夾層；,RPPOMLOKKHKGFDF97DA,58.72,0.63,7.49,有,140
汐止區,房地(土地+建物)+車位,新北市汐止區福德二路８１號十二樓,21.12,住,,,1131209,土地1建物1車位2,十二層,十五層,住宅大樓(11層含以上有電梯),住家用,鋼筋混凝土造,0981231,189.05,3,2,2,有,有,21150000,111875,坡道平面,26.44,0,親友、員工、共有人或其他特殊關係間之交易；,RPRNMLTKKHKGFDF58DA,96.12,3.43,12.98,有,141
汐止區,房地(土地+建物),新北市汐止區樟樹一路１５１巷９號６樓,17.91,住,,,1131218,土地1建物1車位0,六層,七層,華廈(10層含以下有電梯),住家用,鋼筋混凝土造,0831231,99.64,3,2,2,有,有,13680000,137294,,0.0,0,陽台外推；,RPXOMLTKKHKGFDF66DA,73.27,0.0,7.65,有,
八里區,房地(土地+建物),新北市八里區龍米路一段１９８號十一樓之３,4.98,住,,,1131204,土地1建物1車位0,十一層,二十六層,住宅大樓(11層含以上有電梯),住家用,鋼筋混凝土造,0941205,61.9,1,1,1,有,有,5820000,94023,,0.0,0,陽台外推；,RPPTMLKMKIJGFEF38DA,36.33,0.0,6.22,有,
八里區,房地(土地+建物),新北市八里區龍米路一段１９８號九樓之３,4.98,住,,,1131215,土地1建物1車位0,九層,二十六層,住宅大樓(11層含以上有電梯),住家用,鋼筋混凝土造,0941205,61.9,1,1,1,有,有,5850000,94507,,0.0,0,陽台外推；,RPPNMLMJJHKGFEF57DA,36.33,0.0,6.22,有,142
淡水區,房地(土地+建物),新北市淡水區新市一路一段１３２號四樓,13.06,住,,,1131207,土地1建物1車位0,四層,二十二層,住宅大樓(11層含以上有電梯),住家用,鋼筋混凝土造,1051020,85.37,2,1,1,有,有,8330000,97575,,0.0,0,陽台外推；其他增建；,RPVOMLRJJHKGFEF78DA,50.4,3.91,5.67,有,143
淡水區,房地(土地+建物),新北市淡水區沙崙路二段８３１號十六樓,9.91,商,,,1131211,土地1建物1車位0,十六層,二十三層,住宅大樓(11層含以上有電梯),住家用,鋼筋混凝土造,1120727,80.2,2,2,1,有,有,8500000,105985,,0.0,0,,RPUNMLTJJHKGFEF78DA,47.62,0.0,5.34,有,144
八里區,房地(土地+建物),新北市八里區商港路１６號十樓,12.55,住,,,1131215,土地1建物1車位0,十層,十三層,住宅大樓(11層含以上有電梯),住家用,鋼筋混凝土造,0820504,102.08,3,2,2,有,有,7780000,76215,,0.0,0,,RPVNMLOKJHKGFEF48DA,78.46,1.03,9.49,有,
淡水區,土地,長興段408地號,61.43,都市：其他:道路用地,,,1131224,土地3建物0車位0,,,其他,,,,0.0,0,0,0,無,無,4500000,73254,,0.0,0,包含公共設施保留地用地；,RPRNMLNJKHKGFEF97DA,0.0,0.0,0.0,無,
淡水區,房地(土地+建物),新北市淡水區長興街３１之３號,143.56,住,,,1131224,土地1建物4車位0,一層,四層,公寓(5樓含以下無電梯),住家用,鋼筋混凝土造,0661116,271.12,6,1,6,有,無,26000000,95898,,0.0,0,,RPTNMLNJKHKGFEF18DA,220.4,12.68,38.04,無,
淡水區,房地(土地+建物),新北市淡水區長興街３１號,80.78,住,,,1131224,土地2建物2車位0,一層,二層,公寓(5樓含以下無電梯),住家用,加強磚造,0540118,127.24,5,1,5,有,無,11500000,90380,,0.0,0,,RPUNMLNJKHKGFEF28DA,127.24,0.0,0.0,無,
淡水區,房地(土地+建物)+車位,新北市淡水區新市一路一段１２０號二十一樓,19.4,住,,,1131227,土地1建物1車位1,二十一層,二十三層,住宅大樓(11層含以上有電梯),住家用,鋼筋混凝土造,1051020,152.94,3,2,2,有,有,15000000,98078,坡道平面,29.2,0,含其他增建:陽台外推增建、雨遮外推增建建商二工陽台外推；其他增建；,RPRPMLOJKHKGFEF28DA,73.89,7.58,5.07,有,145
三芝區,房地(土地+建物),新北市三芝區淺水灣街５之６號五樓,15.29,,山坡地保育區,丙種建築用地,1131221,土地1建物1車位0,五層,八層,華廈(10層含以下有電梯),住家用,鋼筋混凝土造,0860502,45.230000000000004,1,1,1,有,有,2800000,61906,,0.0,0,夾層；,RPSPMLOJKHKGFEF38DA,27.89,0.0,5.13,有,
石門區,土地,頭圍段崁子腳小段300地號,3058.0,,一般農業區,農牧用地,1131215,土地1建物0車位0,,,其他,,,,0.0,0,0,0,無,無,3700180,1210,,0.0,0,,RPPNMLNKKHKGFEF87DA,0.0,0.0,0.0,無,
淡水區,房地(土地+建物)+車位,新北市淡水區義山路一段２２２號十五樓,32.52,住,,,1131207,土地1建物1車位1,十五層,十五層,住宅大樓(11層含以上有電梯),住家用,鋼筋混凝土造,1041117,230.48,3,2,2,有,有,19500000,84606,坡道平面,58.67,0,,RPTNMLTKKHKGFEF88DA,101.67,10.3,6.38,有,146
三重區,房地(土地+建物),新北市三重區中央南路１１３號十六樓之五,11.49,商,,,1131217,土地2建物1車位0,十六層,十七層,住宅大樓(11層含以上有電梯),住家用,鋼筋混凝土造,0870429,83.24,4,2,2,有,有,17180000,206391,,0.0,0,夾層；,RPXNMLNKKHKGFGF88DA,53.32,2.29,4.12,有,147
三重區,土地,大安段737地號,226.74,住,,,1131217,土地1建物0車位0,,,其他,,,,0.0,0,0,0,無,無,37719000,166354,,0.0,0,親友、員工、共有人或其他特殊關係間之交易；具重建或重劃、都更等效益；,RPQNMLOKKHKGFGF28DA,0.0,0.0,0.0,無,148
三重區,房地(土地+建物),新北市三重區溪尾街２２７巷１弄４號,13.64,住,,,1131219,土地1建物1車位0,一層,五層,公寓(5樓含以下無電梯),住家用,鋼筋混凝土造,0861013,43.15,1,1,1,有,無,6000000,139050,,0.0,0,一樓空地增建陽台外推；其他增建；,RPTNMLRKKHKGFGF88DA,36.02,0.0,3.83,無,
蘆洲區,房地(土地+建物)+車位,新北市蘆洲區九芎街５７號二樓,25.23,住,,,1131214,土地1建物1車位1,二層,十四層,住宅大樓(11層含以上有電梯),住家用,鋼筋混凝土造,0800604,159.76999999999998,4,2,2,有,有,22600000,141453,坡道機械,23.44,0,,RPXNMLRKKHKGFGF66DA,121.91,0.0,16.91,有,149
三重區,房地(土地+建物),新北市三重區富華街１８號二樓,23.67,住,,,1131201,土地1建物1車位0,二層,三層,公寓(5樓含以下無電梯),住家用,加強磚造,0590201,60.08,2,1,2,有,無,10000000,166445,,0.0,0,陽台增建其他增建；,RPXNMLTKKHKGFGF86DA,60.08,0.0,0.0,無,150
中和區,房地(土地+建物),新北市中和區工專路１６５號六樓之二,15.96,都市：其他:保護區,,,1131214,土地2建物1車位0,六層,九層,華廈(10層含以下有電梯),住家用,鋼筋混凝土造,0901130,51.68,1,1,1,有,有,7580000,146672,,0.0,0,陽台外推；,RPRNMLRKJHKGFHF68DA,31.59,0.0,5.53,有,151
中和區,房地(土地+建物)+車位,新北市中和區中興街２１２號八樓之六,19.94,住,,,1131231,土地1建物1車位1,八層,十五層,住宅大樓(11層含以上有電梯),住家用,鋼筋混凝土造,0971009,174.82,3,2,2,有,有,28660000,171987,坡道平面,20.39,2100000,陽台外推；,RPXOMLOKKHKGFHF56DA,86.16,5.64,14.15,有,
中和區,房地(土地+建物),新北市中和區華新街１０９巷６７號十二樓,6.78,住,,,1131224,土地1建物1車位0,十二層,十四層,住宅大樓(11層含以上有電梯),住家用,鋼筋混凝土造,0880918,33.2,1,1,1,有,有,6000000,180723,,0.0,0,陽台外推；,RPTOMLSKKHKGFHF56DA,21.52,0.0,3.9,有,152
永和區,房地(土地+建物),新北市永和區永平路８１巷１２號十樓之一,3.77,商,,,1131228,土地1建物1車位0,十層,十層,華廈(10層含以下有電梯),住家用,鋼筋混凝土造,0810819,39.93,1,1,1,有,有,8300000,207864,,0.0,0,,RPVOMLSKKHKGFHF76DA,29.07,0.0,1.58,有,
鶯歌區,房地(土地+建物),新北市鶯歌區高職西街１０４號五樓,19.94,住,,,1131214,土地1建物1車位0,五層,八層,華廈(10層含以下有電梯),住家用,鋼筋混凝土造,0870919,112.66,3,2,2,有,有,8500000,75448,,0.0,0,,RPRNMLQKKIJGFIF78DA,76.88,1.06,10.31,有,
三峽區,房地(土地+建物),新北市三峽區國光街３０號五樓,26.66,住,,,1131214,土地1建物1車位0,五層,七層,華廈(10層含以下有電梯),住家用,鋼筋混凝土造,0790412,149.20000000000002,3,2,2,有,無,12300000,82440,,0.0,0,,RPUNMLRLKIJGFIF66DA,120.91,0.0,15.77,有,
樹林區,房地(土地+建物),新北市樹林區東榮街１３８號,12.45,住,,,1131217,土地1建物1車位0,一層，騎樓，夾層,九層,華廈(10層含以下有電梯),商業用,鋼筋混凝土造,0841027,59.160000000000004,2,0,1,有,有,10000000,169033,,0.0,0,,RPPNMLSJJHKGFIF58DA,43.12,0.0,5.22,有,
樹林區,房地(土地+建物),新北市樹林區保安二街４０巷１４號二樓,31.12,住,,,1131226,土地1建物1車位0,二層，陽台,四層,公寓(5樓含以下無電梯),住家用,鋼筋混凝土造,,94.02,2,2,2,有,無,7900000,84025,,0.0,0,陽台外推；,RPRNMLSJJHKGFIF78DA,94.02,0.0,0.0,無,153
鶯歌區,房地(土地+建物),新北市鶯歌區中正一路２１１巷１０弄６號三樓,58.25,工,,,1131221,土地1建物1車位0,三層,四層,公寓(5樓含以下無電梯),住家用,鋼筋混凝土造,,129.15,3,2,2,有,無,7700000,59621,,0.0,0,,RPTNMLNKJHKGFIF58DA,111.59,0.0,17.56,無,154
樹林區,房地(土地+建物),新北市樹林區海明街６號,193.92,工,,,1131231,土地2建物1車位0,全,二層,透天厝,工業用,鋼筋混凝土造,,315.5,0,0,0,無,無,43000000,136292,,0.0,0,一樓空地增建頂樓加蓋；其他增建；,RPSNMLNKKHKGFIF58DA,315.5,0.0,0.0,無,
三峽區,房地(土地+建物)+車位,新北市三峽區國際一街６６之３號十樓,45.37,住,,,1131227,土地1建物1車位2,十層,十層,華廈(10層含以下有電梯),住家用,鋼筋混凝土造,1021211,218.8,3,2,2,有,有,23500000,107404,坡道平面,59.4,0,,RPQPMLOKKHKGFIF68DA,107.4,1.8,10.67,有,155
鶯歌區,房地(土地+建物),新北市鶯歌區育德街３４之５號六樓,18.15,住,,,1131231,土地1建物1車位0,六層,七層,華廈(10層含以下有電梯),住家用,鋼筋混凝土造,0830201,96.58,3,1,2,有,有,7000000,72479,,0.0,0,,RPTOMLRKKHKGFIF56DA,75.83,0.0,8.5,有,
新莊區,房地(土地+建物)+車位,新北市新莊區中和街１５５巷２４弄３７號六樓,31.23,住,,,1131231,土地1建物1車位1,六層,八層,華廈(10層含以下有電梯),住家用,鋼筋混凝土造,0881105,176.23,4,2,1,有,有,21590000,136725,坡道平面,32.95,2000000,陽台外推；其他增建；,RPQNMLTKKHKGFBF38EA,103.34,0.0,13.37,有,
新店區,房地(土地+建物)+車位,新北市新店區寶橋路２３５巷１６弄８號四樓,45.35,工,,,1131205,土地2建物1車位2,四層,八層,華廈(10層含以下有電梯),工業用,鋼筋混凝土造,0771105,335.78999999999996,1,0,1,有,有,34530000,102832,坡道平面,0.0,0,車位無固定位置,RPSNMLTKKHKGFCF68EA,242.85,19.26,0.0,有,
新店區,房地(土地+建物)+車位,新北市新店區寶橋路２３５巷１６弄７號四樓,45.35,工,,,1131205,土地2建物1車位2,四層,八層,華廈(10層含以下有電梯),工業用,鋼筋混凝土造,0771105,335.99,2,0,1,有,有,35580000,105896,坡道平面,0.0,0,車位無固定位置,RPTNMLTKKHKGFCF78EA,248.74,12.41,0.0,有,
汐止區,房地(土地+建物)+車位,新北市汐止區大同路三段６１３號２６樓,12.64,住,,,1131225,土地1建物1車位1,二十六層,三十三層,住宅大樓(11層含以上有電梯),住家用,鋼筋混凝土造,0880203,157.47,3,2,2,有,有,10200000,64774,升降機械,0.0,0,親友、員工、共有人或其他特殊關係間之交易；,RPWNMLTKKHKGFDF56EA,92.32,0.0,10.55,有,
淡水區,房地(土地+建物),新北市淡水區大忠街１１７號十一樓之１２,5.17,住,,,1131220,土地1建物1車位0,十一層,十八層,住宅大樓(11層含以上有電梯),住家用,鋼筋混凝土造,0830629,31.45,1,0,1,有,有,3300000,104928,,0.0,0,,RPVNMLKLKHKGFEF38EA,21.02,0.41,0.0,有,156
三重區,房地(土地+建物),新北市三重區中華路５１之１號四樓,17.84,住,,,1131215,土地2建物1車位0,四層,九層,華廈(10層含以下有電梯),住家用,鋼筋混凝土造,0890904,104.98,2,2,2,有,有,17600000,167651,,0.0,0,陽台外推；其他增建；,RPPOMLSKKHKGFGF78EA,74.32,0.0,10.77,有,
三重區,房地(土地+建物)+車位,新北市三重區新北大道一段１３３巷３號三樓,10.49,都市：其他:住宅區,,,1131211,土地3建物1車位1,三層,十八層,住宅大樓(11層含以上有電梯),住家用,鋼筋混凝土造,0831221,148.76,3,2,2,有,有,17850000,119992,坡道平面,0.0,2400000,,RPTNMLTKKHKGFGF56EA,97.44,1.43,9.15,有,
中和區,房地(土地+建物)+車位,新北市中和區中正路７３６號十八樓,287.47,工,,,1131225,土地1建物1車位10,十八層,十八層,住宅大樓(11層含以上有電梯),工商用,鋼筋混凝土造,0880227,3089.8900000000003,0,0,0,無,有,375000000,121363,坡道平面,330.7,0,,RPPNMLTKKHKGFHF88EA,1897.92,0.0,0.0,有,157
土城區,房地(土地+建物),新北市土城區裕民路２１４巷２６弄４號三樓之一,11.04,住,,,1131223,土地1建物1車位0,三層,十三層,住宅大樓(11層含以上有電梯),住家用,鋼筋混凝土造,0840627,71.7,2,2,1,有,有,12180000,169874,,0.0,0,,RPQQMLQJJHKGFAF97DA,62.06,0.0,2.37,有,
板橋區,房地(土地+建物),新北市板橋區莊敬路１５６號十一樓,14.96,住,,,1131222,土地1建物1車位0,十一層,十六層,住宅大樓(11層含以上有電梯),住家用,鋼筋混凝土造,0860802,100.66,2,2,2,有,有,22580000,224319,,0.0,0,其他增建；,RPXNMLKKJHKGFAF87DA,66.31,0.0,9.25,有,
土城區,房地(土地+建物),新北市土城區延吉街２７號二樓,17.76,住,,,1131230,土地1建物1車位0,二層,七層,華廈(10層含以下有電梯),住家用,鋼筋混凝土造,0830520,99.14999999999999,3,2,2,有,有,8000000,80686,,0.0,0,親友、員工、共有人或其他特殊關係間之交易；,RPPNMLQKJHKGFAF67DA,72.71,0.0,8.42,有,
板橋區,房地(土地+建物),新北市板橋區漢生東路２５６號十七樓,16.31,都市：其他:第二種特定專用區,,,1131208,土地1建物1車位0,十七層,二十九層,住宅大樓(11層含以上有電梯),住家用,鋼骨鋼筋混凝土造,0980724,251.17000000000002,3,2,2,有,有,58880000,234423,,0.0,0,陽台外推；其他增建；,RPSNMLQKJHKGFAF97DA,150.41,8.71,14.18,有,
板橋區,房地(土地+建物),新北市板橋區莒光路４０巷１６號二樓,35.0,住,,,1131215,土地1建物1車位0,二層，陽台,四層,公寓(5樓含以下無電梯),住家用,鋼筋混凝土造,0630325,92.4,3,2,1,有,無,19000000,205628,,0.0,0,,RPQUNLPJKHKGFAF48DA,92.4,0.0,0.0,無,
板橋區,房地(土地+建物)+車位,新北市板橋區新海路１３５巷３７號八樓,24.44,住,,,1131222,土地1建物1車位1,八層,十二層,住宅大樓(11層含以上有電梯),住家用,鋼筋混凝土造,0840805,167.47,3,2,2,有,有,22100000,131964,坡道平面,0.0,0,,RPQQMLSJKHKGFAF28DA,98.04,2.33,11.14,有,
板橋區,房地(土地+建物)+車位,新北市板橋區文化路一段１０１巷１５號十七樓,20.75,住,,,1131224,土地1建物1車位1,十七層，十八層,十八層,住宅大樓(11層含以上有電梯),住家用,鋼骨鋼筋混凝土造,0800206,236.59,4,3,2,有,有,43800000,195415,坡道平面,26.77,2800000,陽台外推；其他增建；,RPRPMLMKKHKGFAF77DA,167.28,3.34,20.69,有,
板橋區,房地(土地+建物)+車位,新北市板橋區華江一路２１０號九樓,8.08,商,,,1131225,土地1建物1車位1,九層,十九層,住宅大樓(11層含以上有電梯),辦公用,鋼筋混凝土造,1071227,123.91999999999999,1,1,1,有,有,20300000,163815,坡道平面,23.98,0,,RPWPMLTKKHKGFAF98DA,51.49,7.61,7.36,有,158
板橋區,房地(土地+建物),新北市板橋區溪崑二街７６號五樓之三,23.92,住,,,1131211,土地1建物1車位0,五層,七層,華廈(10層含以下有電梯),住家用,鋼筋混凝土造,0741008,101.96000000000001,4,1,2,有,有,11000000,107885,,0.0,0,親友、員工、共有人或其他特殊關係間之交易；,RPWQMLTKKHKGFAF09DA,70.03,0.0,6.47,有,159
土城區,房地(土地+建物),新北市土城區延壽路１３巷１９號三樓,21.27,住,,,1131226,土地1建物1車位0,三層，陽台,五層,公寓(5樓含以下無電梯),住家用,鋼筋混凝土造,0700130,82.5,3,1,1,有,無,8000000,96970,,0.0,0,親友、員工、共有人或其他特殊關係間之交易；,RPUPMLKLKHKGFAF97DA,82.5,0.0,0.0,無,
土城區,房地(土地+建物),新北市土城區延和路１７７巷１１弄１０號,13.98,住,,,1131226,土地1建物1車位0,一層，平台,五層,公寓(5樓含以下無電梯),住商用,鋼筋混凝土造,0700130,48.38,3,2,1,有,無,7500000,155023,,0.0,0,親友、員工、共有人或其他特殊關係間之交易；,RPVPMLKLKHKGFAF08DA,48.38,0.0,0.0,無,
新莊區,房地(土地+建物)+車位,新北市新莊區立信三街３５巷２６號五樓,17.98,住,,,1131229,土地1建物1車位1,五層,十三層,住宅大樓(11層含以上有電梯),住家用,鋼筋混凝土造,0940324,167.95999999999998,4,2,2,有,有,27000000,160753,坡道平面,0.0,2200000,陽台外推；其他增建；,RPRNMLTLKIJGFBF48DA,82.57,3.93,13.91,有,
新莊區,房地(土地+建物),新北市新莊區天祥街３２號十樓之六,6.71,住,,,1131201,土地2建物1車位0,十層,十五層,住宅大樓(11層含以上有電梯),住家用,鋼筋混凝土造,1050908,65.05,2,1,1,有,有,10450000,160646,,0.0,0,,RPTPMLNJJHKGFBF97DA,39.46,2.21,2.37,有,160
新莊區,房地(土地+建物),新北市新莊區建安街２６巷１２號六樓,21.15,住,,,1131201,土地1建物1車位0,六層,七層,華廈(10層含以下有電梯),住家用,鋼筋混凝土造,0820205,112.43,3,1,2,有,有,14660000,130392,,0.0,0,其他增建；,RPXNMLQJKHKGFBF58DA,82.26,0.0,12.08,有,
林口區,房地(土地+建物)+車位,新北市林口區中北一街１７巷８號八樓,24.53,住,,,1131228,土地1建物1車位1,八層,十一層,住宅大樓(11層含以上有電梯),住家用,鋼筋混凝土造,1070910,112.21000000000001,2,1,1,有,有,12600000,112289,坡道平面,30.07,0,其他增建；,RPUOMLQJKHKGFBF38DA,47.66,2.89,5.23,有,161
林口區,房地(土地+建物),新北市林口區自強三街２３號二樓,43.81,住,,,1131229,土地1建物1車位0,二層,四層,公寓(5樓含以下無電梯),住家用,鋼筋混凝土造,0761218,111.91,4,2,2,有,無,9900000,88464,,0.0,0,陽台外推；,RPQNMLRKKHKGFBF08DA,100.97,0.0,10.94,無,
新莊區,房地(土地+建物),新北市新莊區思源路３３５號十一樓之一,8.58,住,,,1131231,土地1建物1車位0,十一層,十二層,住宅大樓(11層含以上有電梯),住家用,鋼筋混凝土造,0830810,73.8,2,1,2,有,有,13300000,180217,,0.0,0,陽台外推；,RPRNMLTKKHKGFBF38DA,51.26,0.0,9.79,有,162
新店區,房地(土地+建物),新北市新店區建國路２９３巷９號三樓,24.48,工,,,1131231,土地2建物1車位0,三層,五層,公寓(5樓含以下無電梯),工業用,鋼筋混凝土造,0751021,98.92,3,2,2,有,無,10500000,106146,,0.0,0,陽台外推；其他增建；,RPOOMLLLJHKGFCF47DA,86.74,0.0,9.19,無,
深坑區,房地(土地+建物),新北市深坑區北深路三段２０６巷１弄１２號四樓,25.04,住,,,1131211,土地1建物1車位0,四層,四層,公寓(5樓含以下無電梯),住家用,加強磚造,,63.58,3,2,1,有,無,5200000,81787,,0.0,0,,RPRNMLOKKHKGFCF97DA,63.58,0.0,0.0,無,
新店區,房地(土地+建物),新北市新店區安祥路１１８號三樓,52.48,,山坡地保育區,丙種建築用地,1131228,土地1建物1車位0,三層,十六層,住宅大樓(11層含以上有電梯),住家用,鋼筋混凝土造,0830927,108.53,3,2,2,有,有,8280000,76292,,0.0,0,,RPQNMLTKKHKGFCF38DA,90.14,1.71,8.78,有,163
汐止區,房地(土地+建物)+車位,新北市汐止區東勢街２１６巷２４弄７號２樓,50.7,,山坡地保育區,丙種建築用地,1131213,土地1建物1車位1,二層,十二層,住宅大樓(11層含以上有電梯),住家用,鋼筋混凝土造,0860120,141.23,4,2,2,有,有,15800000,127168,坡道平面,28.78,1500000,陽台外推；夾層；其他增建；,RPUOMLRKJHKGFDF68DA,79.58,0.0,9.66,有,
汐止區,房地(土地+建物)+車位,新北市汐止區福德一路１１８號八樓之３,7.01,住,,,1131208,土地1建物1車位1,八層,十二層,住宅大樓(11層含以上有電梯),住家用,鋼筋混凝土造,0960130,83.85,1,0,1,有,有,11100000,132379,坡道平面,36.01,0,陽台外推；,RPVOMLTKKHKGFDF09DA,27.47,0.0,3.66,有,164
汐止區,房地(土地+建物)+車位,新北市汐止區大同路二段２４５之２號五樓,11.97,住,,,1131224,土地1建物1車位1,五層,二十九層,住宅大樓(11層含以上有電梯),住家用,鋼筋混凝土造,1001223,145.52,3,2,2,有,有,26000000,178670,坡道平面,19.76,0,其他增建；,RPQNMLLLKHKGFDF77DA,71.29,0.0,17.38,有,165
三芝區,房地(土地+建物),新北市三芝區蘭陽街５０號,360.34,,山坡地保育區,丙種建築用地,1131201,土地2建物1車位0,全,二層,透天厝,住家用,加強磚造,0720827,315.26,6,4,2,有,有,8900000,28231,,0.0,0,其他增建 : 頂樓增建、增建車庫及車庫上方二樓、陽台增建其他增建；,RPQOMLMLJHKGFEF97DA,244.12,35.57,35.57,無,
淡水區,房地(土地+建物)+車位,新北市淡水區新春街９１巷２３號八樓,21.18,住,,,1131215,土地1建物1車位1,八層,十八層,住宅大樓(11層含以上有電梯),住家用,鋼筋混凝土造,0860514,150.78,3,2,2,有,有,9380000,62210,坡道平面,0.0,1000000,陽台外推；其他增建；,RPPOMLKKKHKGFEF67DA,83.17,2.54,12.85,有,
淡水區,房地(土地+建物)+車位,新北市淡水區新市一路一段３５７號九樓,32.14,住,,,1131211,土地1建物1車位1,九層,十三層,住宅大樓(11層含以上有電梯),住家用,鋼筋混凝土造,1040819,176.12,3,2,2,有,有,15100000,85737,坡道平面,27.65,0,含其他增建:鐵鋁窗增建其他增建；,RPSNMLKLKHKGFEF97DA,87.3,2.49,9.7,有,166
三重區,房地(土地+建物),新北市三重區三和路四段２０巷２２號十三樓之三,13.53,都市：其他:住宅區,,,1131201,土地4建物1車位0,十三層,十七層,住宅大樓(11層含以上有電梯),住家用,鋼筋混凝土造,0871031,107.44,2,2,2,有,有,18200000,169397,,0.0,0,其他增建；,RPTOMLLLJHKGFGF38DA,73.04,0.95,8.72,有,167
三重區,房地(土地+建物),新北市三重區洛陽街４５巷３７號,33.62,住,,,1131228,土地2建物1車位0,三層，陽台,四層,公寓(5樓含以下無電梯),住家用,加強磚造,0640715,94.77,3,2,1,有,無,11500000,121346,,0.0,0,,RPUNMLRKKHKGFGF98DA,94.77,0.0,0.0,無,
蘆洲區,房地(土地+建物),新北市蘆洲區中正路１８５巷３１弄３９號四樓,25.61,住,,,1131223,土地1建物1車位0,四層,五層,公寓(5樓含以下無電梯),住家用,鋼筋混凝土造,0701209,87.0,3,2,1,有,無,11000000,126437,,0.0,0,,RPPNMLTKKHKGFGF68DA,75.0,0.0,12.0,無,168
中和區,土地,正南段879地號,30.21,都市：其他:道路用地,,,1131231,土地1建物0車位0,,,其他,,,,0.0,0,0,0,無,無,2918286,96600,,0.0,0,包含公共設施保留地用地；,RPUNMLSJJHKGFHF98DA,0.0,0.0,0.0,無,169
中和區,土地,正南段879-1地號,6.6,都市：其他:道路用地,,,1131231,土地1建物0車位0,,,其他,,,,0.0,0,0,0,無,無,637560,96600,,0.0,0,包含公共設施保留地用地；,SPUNMLSJJHKGFHF09DA,0.0,0.0,0.0,無,
中和區,房地(土地+建物),新北市中和區圓通路２６５巷４１號四樓,47.23,住,,,1131208,土地2建物1車位0,四層,五層,公寓(5樓含以下無電梯),住家用,鋼筋混凝土造,0740109,139.7,4,2,2,有,無,15400000,110236,,0.0,0,其他增建；,RPTNMLNKJHKGFHF48DA,125.53,0.0,14.17,無,
中和區,房地(土地+建物),新北市中和區中正路２１１巷３６弄２０號十樓,12.05,都市：其他:住宅區,,,1131203,土地2建物1車位0,十層,十二層,住宅大樓(11層含以上有電梯),住家用,鋼筋混凝土構造,0970528,94.28,2,1,1,有,有,16700000,177132,,0.0,0,其他增建；,RPSNMLRKKHKGFHF88DA,60.06,1.1,3.53,有,170
中和區,房地(土地+建物),新北市中和區中正路２１號二十樓之五,2.12,都市：其他:住宅區,,,1131225,土地3建物1車位0,二十層,二十二層,住宅大樓(11層含以上有電梯),住家用,鋼筋混凝土造,0851116,27.67,1,1,1,有,有,5700000,205999,,0.0,0,,RPOOMLRKKHKGFHF58DA,24.1,0.0,0.0,有,171
中和區,房地(土地+建物),新北市中和區景平路４１８號八樓之二,5.14,住,,,1131231,土地1建物1車位0,八層,十二層,住宅大樓(11層含以上有電梯),住家用,鋼筋混凝土造,0970408,45.37,1,2,1,有,有,11000000,242451,,0.0,0,夾層；,RPQOMLSKKHKGFHF88DA,31.34,1.59,0.0,有,172
中和區,房地(土地+建物),新北市中和區莊敬路５７號,31.23,都市：其他:住宅區,,,1131230,土地2建物1車位0,一層，平台,五層,公寓(5樓含以下無電梯),住家用,鋼筋混凝土造,0690916,89.88,3,2,2,有,無,18500000,205830,,0.0,0,其他增建；,RPRNMLTKKHKGFHF98DA,89.88,0.0,0.0,無,
中和區,房地(土地+建物),新北市中和區水源路７巷２７號五樓,20.94,住,,,1131223,土地1建物1車位0,五層，陽台,五層,公寓(5樓含以下無電梯),住家用,鋼筋混凝土造,0681119,77.5,3,2,1,有,無,9500000,122581,,0.0,0,頂樓加蓋；,RPUNMLKLKHKGFHF48DA,77.5,0.0,0.0,無,
三峽區,房地(土地+建物),新北市三峽區大同路２３８號四樓,23.15,住,,,1131222,土地1建物1車位0,四層,十一層,住宅大樓(11層含以上有電梯),住家用,鋼筋混凝土造,1090427,97.47,2,1,2,有,有,11600000,119011,,0.0,0,,RPVNMLTKKHKGFIF86DA,58.61,3.14,3.56,有,173
金山區,房地(土地+建物),新北市金山區名流路１６巷１４號,653.01,,山坡地保育區,丙種建築用地,1131220,土地3建物1車位0,全,二層,透天厝,住家用,加強磚造,0701012,244.75,4,2,3,有,有,19800000,80899,,0.0,0,,RPSNMLKLKHKGFDF97EA,186.35,26.36,32.04,無,
八里區,房地(土地+建物)+車位,新北市八里區中山路一段２６８巷２７號六樓,23.48,住,,,1131211,土地1建物1車位1,六層,七層,華廈(10層含以下有電梯),住家用,鋼筋混凝土造,0830207,139.41,3,2,2,有,有,8320000,59680,坡道平面,0.0,0,,RPVOMLSKKHKGFEF56EA,79.78,6.25,11.43,有,
淡水區,房地(土地+建物)+車位,新北市淡水區新民街１９巷２８號三樓,23.15,住,,,1131215,土地1建物1車位1,三層,十四層,住宅大樓(11層含以上有電梯),住家用,鋼筋混凝土造,0891027,137.54,3,2,2,有,有,11800000,98614,坡道平面,30.05,1200000,,RPPOMLKLKHKGFEF87EA,71.14,2.27,10.06,有,
蘆洲區,房地(土地+建物)+車位,新北市蘆洲區重陽二街１號五樓,21.31,住,,,1131204,土地1建物1車位1,五層,七層,華廈(10層含以下有電梯),住家用,鋼筋混凝土造,0830606,108.19,3,2,1,有,有,16900000,156207,坡道機械,0.0,1800000,陽台外推；其他增建；,RPWNMLTKKHKGFGF86EA,69.73,0.9,7.73,有,
中和區,房地(土地+建物),新北市中和區中正路２１號十三樓之七,1.59,都市：其他:住宅區,,,1131213,土地3建物1車位0,十三層,二十二層,住宅大樓(11層含以上有電梯),住家用,鋼筋混凝土造,0851116,20.57,0,1,1,有,有,2440000,118677,,0.0,0,親友、員工、共有人或其他特殊關係間之交易；,RPXOMLKKKHKGFHF88EA,15.74,0.0,2.14,有,174
中和區,房地(土地+建物),新北市中和區中正路２１號十三樓之七,1.59,都市：其他:住宅區,,,1131213,土地3建物1車位0,十三層,二十二層,住宅大樓(11層含以上有電梯),住家用,鋼筋混凝土造,0851116,20.57,0,1,1,有,有,2440000,118677,,0.0,0,親友、員工、共有人或其他特殊關係間之交易；,RPOPMLKKKHKGFHF08EA,15.74,0.0,2.14,有,174
板橋區,房地(土地+建物),新北市板橋區長江路二段２號二十四樓之二,2.24,住,,,1131228,土地2建物1車位0,二十四層,二十六層,住宅大樓(11層含以上有電梯),住家用,鋼筋混凝土造,0850120,39.199999999999996,1,1,1,有,有,7400000,188776,,0.0,0,其他增建；,RPWNMLTJJHKGFAF58DA,29.93,0.0,5.08,有,
土城區,房地(土地+建物),新北市土城區亞洲路９６號十三樓,9.21,工,,,1131231,土地1建物1車位0,十三層,十三層,住宅大樓(11層含以上有電梯),住工用,鋼筋混凝土造,0831015,80.07,3,1,1,有,有,8180000,102161,,0.0,0,夾層；,RPVOMLNJKHKGFAF08DA,64.17,0.0,3.99,有,
板橋區,房地(土地+建物),新北市板橋區自強新村４１號三樓,39.25,住,,,1131227,土地1建物1車位0,三層,四層,公寓(5樓含以下無電梯),住家用,鋼筋混凝土造,0640915,108.43,3,2,2,有,有,13880000,128009,,0.0,0,其他增建；,RPVQPLRJKHKGFAF98DA,95.27,0.0,13.16,無,
板橋區,房地(土地+建物),新北市板橋區縣民大道三段２１３號五樓,19.8,住,,,1131225,土地1建物1車位0,五層,五層,公寓(5樓含以下無電梯),住家用,鋼筋混凝土造,,85.85,5,1,5,有,無,11680000,136051,,0.0,0,陽台外推；頂樓加蓋；,RPPPMLSJKHKGFAF08DA,68.96,0.0,16.89,無,176
板橋區,房地(土地+建物),新北市板橋區富山街１０９巷６３弄１號五樓,29.4,住,,,1131224,土地2建物1車位0,五層,五層,公寓(5樓含以下無電梯),住家用,鋼筋混凝土造,0700616,71.55,1,1,1,有,無,8800000,122991,,0.0,0,陽台外推；其他增建；,RPPOMLMKKHKGFAF47DA,71.55,0.0,0.0,無,
土城區,房地(土地+建物),新北市土城區中央路四段６８巷４號九樓,11.2,住,,,1131211,土地1建物1車位0,九層,十三層,住宅大樓(11層含以上有電梯),住家用,鋼筋混凝土造,0820916,96.3,3,2,2,有,有,16000000,166147,,0.0,0,,RPVQMLSKKHKGFAF88DA,78.19,0.68,7.65,有,177
板橋區,房地(土地+建物),新北市板橋區富山街１０９巷６３弄３號五樓,23.8,住,,,1131224,土地2建物1車位0,五層,五層,公寓(5樓含以下無電梯),住家用,鋼筋混凝土造,0700616,71.55,3,1,1,有,無,6880000,96157,,0.0,0,陽台外推；頂樓加蓋；,RPWPMLKLKHKGFAF18DA,71.55,0.0,0.0,無,
土城區,房地(土地+建物),新北市土城區學府路一段９９巷８號四樓,6.86,住,,,1131218,土地1建物1車位0,四層,五層,公寓(5樓含以下無電梯),住家用,鋼筋混凝土造,0740903,26.0,4,1,2,有,無,1800000,69231,,0.0,0,親友、員工、共有人或其他特殊關係間之交易；,RPVRMLLLKHKGFAF38DA,21.07,0.39,2.19,無,
泰山區,房地(土地+建物)+車位,新北市泰山區忠孝街１９巷３號八樓,22.89,住,,,1131202,土地2建物1車位1,八層,九層,華廈(10層含以下有電梯),住家用,鋼筋混凝土造,1060106,131.91,3,2,2,有,有,16800000,127360,坡道機械,9.36,0,,RPVNMLNJJHKGFBF97DA,76.29,11.95,9.26,有,
五股區,房地(土地+建物)+車位,新北市五股區成泰路四段２５號十一樓,16.65,住,,,1131210,土地1建物1車位1,十一層,十二層,住宅大樓(11層含以上有電梯),住家用,鋼筋混凝土造,0980303,139.95,4,2,2,有,有,14080000,94352,坡道機械,6.62,1500000,陽台外推；,RPQNMLTKKHKGFBF28DA,91.83,1.21,9.9,有,
新莊區,房地(土地+建物),新北市新莊區福壽街１５９號,27.5,住,,,1131208,土地1建物1車位0,一層,七層,華廈(10層含以下有電梯),住家用,鋼筋混凝土造,0810402,150.04,4,2,3,有,有,19600000,130632,,0.0,0,其他增建；,RPWQMLTKKHKGFBF56DA,105.76,12.52,0.0,有,178
林口區,房地(土地+建物)+車位,新北市林口區文化北路一段５４２巷６２號六樓,41.26,住,,,1131230,土地1建物1車位1,六層,十層,華廈(10層含以下有電梯),住家用,鋼筋混凝土造,1050520,179.0,3,2,2,有,有,24000000,134078,坡道平面,31.99,0,,RPXOMLKLKHKGFBF28DA,90.68,3.46,8.91,有,179
新店區,房地(土地+建物),新北市新店區新明街７號二樓,36.32,住,,,1131222,土地1建物1車位0,二層,四層,公寓(5樓含以下無電梯),住家用,鋼筋混凝土造,0621030,91.98,3,2,1,有,無,16150000,175582,,0.0,0,其他增建；,RPXNMLKLJHKGFCF18DA,79.33,0.0,12.65,無,
新店區,房地(土地+建物)+車位,新北市新店區中山路９２號五樓,31.81,住,,,1131203,土地1建物1車位1,五層,十五層,住宅大樓(11層含以上有電梯),住家用,鋼筋混凝土構造,1130527,176.99,4,2,2,有,有,43000000,279415,坡道平面,32.76,2700000,,RPOPMLPJKHKGFCF87DA,88.91,0.0,6.69,有,
新店區,房地(土地+建物),新北市新店區民權路３１號九樓之一,11.82,,,,1131214,土地2建物1車位0,九層,二十三層,住宅大樓(11層含以上有電梯),住家用,鋼骨鋼筋混凝土造,0950125,134.42000000000002,3,2,2,有,有,32600000,242523,,0.0,0,其他增建；,RPTOMLOKKHKGFCF28DA,86.26,0.0,9.91,有,
汐止區,車位,新北市汐止區湖前街１１０巷９７弄１至２３號等地下一、二、三、四、五層,0.86,,山坡地保育區,丙種建築用地,1131228,土地4建物1車位1,地下一層，地下二層，地下三層，地下四層，地下五層,二十八層,其他,防空避難室兼停車空間,鋼筋混凝土造,0881202,24.63,0,0,0,無,有,450000,,坡道機械,24.63,450000,僅車位交易；,RPVNMLOKJHKGFDF38DA,0.0,0.0,0.0,有,180
淡水區,房地(土地+建物),新北市淡水區沙崙路２４２號十樓,8.81,住,,,1131220,土地1建物1車位0,十層,十九層,住宅大樓(11層含以上有電梯),住家用,鋼筋混凝土造,0840114,112.73,3,2,2,有,有,8500000,75401,,0.0,0,陽台外推；其他增建；,RPPNMLMLKIJGFEF87DA,92.5,1.43,6.46,有,
淡水區,房地(土地+建物),新北市淡水區北新路１６９巷１８號六樓,25.96,住,,,1131212,土地2建物1車位0,六層,十八層,住宅大樓(11層含以上有電梯),住家用,鋼筋混凝土造,0851228,139.56,4,2,2,有,有,8570000,61407,,0.0,0,,RPUNMLNKJHKGFEF28DA,93.37,0.0,14.14,有,181
淡水區,房地(土地+建物)+車位,新北市淡水區中山北路二段１８８巷１８號十一樓,15.64,住,,,1131215,土地1建物1車位1,十一層,十五層,住宅大樓(11層含以上有電梯),住家用,鋼筋混凝土造,1020712,118.55,2,2,1,有,有,11300000,95318,坡道平面,29.88,0,,RPUOMLRJKHKGFEF78DA,56.4,1.61,4.49,有,182
淡水區,房地(土地+建物),新北市淡水區沙崙路１５８之１號四樓,34.47,住,,,1131210,土地1建物1車位0,四層,十層,華廈(10層含以下有電梯),住家用,鋼筋混凝土造,1070521,157.81,3,2,2,有,有,9600000,60833,,0.0,0,親友、員工、共有人或其他特殊關係間之交易；,RPTNMLOLKHKGFEF48DA,96.3,0.0,11.1,有,183
三重區,車位,新北市三重區集英路６９號等,2.23,商,,,1131230,土地1建物1車位1,,,其他,,,,30.0,0,0,0,無,有,2300000,,坡道平面,30.0,2300000,僅車位交易；,RPROMLTKKHKGFGF98DA,0.0,0.0,0.0,有,184
蘆洲區,房地(土地+建物),新北市蘆洲區長安街３４７巷２８號四樓,28.25,住,,,1131215,土地1建物1車位0,四層,五層,公寓(5樓含以下無電梯),住家用,鋼筋混凝土造,0771118,97.78,3,2,2,有,無,13000000,132952,,0.0,0,,RPRNMLKLKHKGFGF08DA,87.11,1.33,9.34,無,185
中和區,房地(土地+建物)+車位,新北市中和區景平路４３１巷２８號四樓,14.89,住,,,1131230,土地1建物1車位1,四層,十七層,住宅大樓(11層含以上有電梯),住家用,鋼筋混凝土造,0860515,121.8,3,2,2,有,有,20800000,172743,坡道機械,11.81,1800000,陽台外推；其他增建；,RPWNMLRKJHKGFHF56DA,82.9,0.0,9.48,有,
中和區,房地(土地+建物),新北市中和區景平路１８０號三十七樓之七,2.54,都市：其他:住宅區,,,1131216,土地4建物1車位0,三十七層,四十一層,住宅大樓(11層含以上有電梯),住家用,鋼骨鋼筋混凝土造,0861104,44.31,1,1,1,有,有,9000000,203114,,0.0,0,,RPQNMLLJKHKGFHF97DA,29.3,0.0,5.04,有,186
中和區,房地(土地+建物)+車位,新北市中和區忠孝街２巷６之６號三樓,17.67,住,,,1131229,土地1建物1車位1,三層,十層,華廈(10層含以下有電梯),住家用,鋼筋混凝土構造,1000829,170.25,3,2,2,有,有,31500000,194616,坡道平面,22.78,2800000,陽台外推；其他增建；,RPTNMLKKKHKGFHF28DA,86.39,6.75,10.16,有,187
中和區,房地(土地+建物),新北市中和區中正路２１１巷４４號二樓,27.86,都市：其他:住宅區,,,1131231,土地2建物1車位0,二層,十二層,住宅大樓(11層含以上有電梯),住家用,鋼筋混凝土造,0830804,136.57,4,2,2,有,有,19110000,139928,,0.0,0,,RPPNMLMKKHKGFHF08DA,101.3,3.22,10.15,有,188
中和區,房地(土地+建物),新北市中和區南山路３７巷３弄１１號四樓,24.04,住,,,1131215,土地2建物1車位0,四層,四層,公寓(5樓含以下無電梯),住家用,ＲＣ造,0640515,78.24,3,1,1,有,無,11350000,145066,,0.0,0,陽台外推；頂樓加蓋；其他增建；,RPQNMLNKKHKGFHF28DA,69.44,0.0,8.8,無,
中和區,房地(土地+建物),新北市中和區市民街２７巷９號五樓,28.75,住,,,1131204,土地1建物1車位0,五層,五層,公寓(5樓含以下無電梯),住家用,鋼筋混凝土造,0751015,108.36,3,2,2,有,無,11000000,101513,,0.0,0,其他增建；,RPRNMLSKKHKGFHF88DA,90.25,0.0,10.89,無,
樹林區,房地(土地+建物),新北市樹林區啟智街４２巷９號四樓,28.52,住,,,1131205,土地1建物1車位0,四層,五層,公寓(5樓含以下無電梯),住家用,鋼筋混凝土造,0770328,100.47999999999999,3,2,2,有,無,9960000,99124,,0.0,0,,RPSNMLSKKHKGFIF09DA,83.04,0.0,11.7,無,
三峽區,房地(土地+建物),新北市三峽區中山路２５７巷３５號十樓,13.02,住,,,1131206,土地1建物1車位0,十層,十二層,住宅大樓(11層含以上有電梯),住家用,鋼筋混凝土造,0831208,94.56,2,2,1,有,有,9860000,104272,,0.0,0,陽台外推；,RPQOMLSKKHKGFIF98DA,71.1,0.0,8.33,有,189
三峽區,房地(土地+建物)+車位,新北市三峽區學成路３４７號九樓,19.1,商,,,1131207,土地1建物1車位1,九層,二十八層,住宅大樓(11層含以上有電梯),住家用,鋼筋混凝土造,1010724,197.35,3,2,2,有,有,26800000,155616,坡道平面,34.77,1500000,,RPTNMLLLKHKGFIF58DA,97.56,3.26,13.07,有,190
鶯歌區,房地(土地+建物),新北市鶯歌區鶯桃路３３３號五樓,15.28,工,,,1131207,土地2建物1車位0,五層,五層,公寓(5樓含以下無電梯),住家用,加強磚造,,74.11,2,2,2,有,無,4300000,58022,,0.0,0,陽台外推；,RPROMLLLKHKGFIF48DA,71.15,0.0,2.96,無,191
板橋區,房地(土地+建物),新北市板橋區新海路４３４號三樓,17.4,都市：其他:道路用地,,,1131219,土地2建物1車位0,三層，陽台,五層,公寓(5樓含以下無電梯),住家用,鋼筋混凝土造,,74.87,3,1,1,有,無,6620000,88420,,0.0,0,陽台外推；其他增建；,RPSNMLKLKHKGFAF67EA,74.87,0.0,0.0,無,
林口區,房地(土地+建物)+車位,新北市林口區文化二路二段１５７號六樓之一,23.79,商,,,1131227,土地1建物1車位2,六層,十九層,住宅大樓(11層含以上有電梯),住家用,鋼筋混凝土造,1001101,263.0,3,2,3,有,有,30880000,120021,坡道平面,39.04,4000000,其他增建；,RPSNMLOLKHKGFBF18EA,139.43,4.24,14.89,有,192
貢寮區,土地,貢寮段內寮小段895-1地號,1532.85,,山坡地保育區,林業用地,1131225,土地1建物0車位0,,,其他,,,,0.0,0,0,0,無,無,700000,457,,0.0,0,,RPQNMLOLJHKGFFF28EA,0.0,0.0,0.0,無,193
蘆洲區,房地(土地+建物),新北市蘆洲區中正路１８５巷４６弄４號三樓,19.57,住,,,1131226,土地1建物1車位0,三層,五層,公寓(5樓含以下無電梯),住家用,鋼筋混凝土造,0740805,86.96,2,2,1,有,無,10800000,124195,,0.0,0,陽台外推；,RPVNMLLLKHKGFGF68EA,79.38,0.0,7.58,無,
三重區,房地(土地+建物)+車位,新北市三重區神農街３６５號七樓,29.29,住,,,1131210,土地1建物1車位1,七層,三十五層,住宅大樓(11層含以上有電梯),住家用,鋼骨構造,1081119,199.54000000000002,3,2,2,有,有,17050000,85447,坡道平面,40.93,0,親友、員工、共有人或其他特殊關係間之交易；,RPXNMLOLKHKGFGF56EA,103.55,0.0,11.1,有,194
板橋區,房地(土地+建物)+車位,新北市板橋區縣民大道一段５號二樓,21.07,住,,,1131201,土地1建物1車位2,二層,二十六層,住宅大樓(11層含以上有電梯),住家用,鋼骨鋼筋混凝土造,1121201,223.06,3,2,2,有,有,32800000,191013,坡道平面,77.52,5000000,,RPXVMLRKJHKGFAF76DA,91.04,2.01,6.1,有,195
板橋區,房地(土地+建物),新北市板橋區南雅東路１之５號九樓,3.88,住,,,1131214,土地1建物1車位0,九層,十五層,住宅大樓(11層含以上有電梯),住家用,鋼筋混凝土造,0960809,42.33,1,1,1,有,有,8960000,211670,,0.0,0,,RPQNMLMLJHKGFAF47DA,29.78,0.92,0.0,有,196
板橋區,房地(土地+建物),新北市板橋區國慶路１９９號七樓之二,6.97,住,,,1131228,土地1建物1車位0,七層,九層,華廈(10層含以下有電梯),住家用,鋼筋混凝土造,0860821,37.25,1,0,1,有,有,7000000,187919,,0.0,0,其他增建；,RPSOMLMLJHKGFAF77DA,23.57,0.0,3.82,有,
土城區,土地,廷寮段480地號,17.14,商,,,1131222,土地1建物0車位0,,,其他,,,,0.0,0,0,0,無,無,4000000,233372,,0.0,0,,RPPPMLTKKHKGFAF28DA,0.0,0.0,0.0,無,
板橋區,房地(土地+建物),新北市板橋區中正路３７９巷７號四樓,25.5,住,,,1131227,土地1建物1車位0,四層，陽台,四層,公寓(5樓含以下無電梯),住家用,鋼筋混凝土造,0640901,87.25,4,3,3,有,無,14300000,163897,,0.0,0,陽台外推；頂樓加蓋；,RPVTMLKLKHKGFAF48DA,87.25,0.0,0.0,無,197
板橋區,房地(土地+建物),新北市板橋區莊敬路１５０之１號四樓,8.36,住,,,1131231,土地1建物1車位0,四層,十六層,住宅大樓(11層含以上有電梯),住家用,鋼筋混凝土造,0860802,54.33,3,1,2,有,有,2540000,46751,,0.0,0,土地增值稅由買方繳納.親友、員工、共有人或其他特殊關係間之交易；,RPTQNLLLKHKGFAF18DA,36.99,0.0,5.61,有,
土城區,房地(土地+建物),新北市土城區中央路四段２８１號七樓之３,18.97,住,,,1131231,土地1建物1車位0,七層,十五層,住宅大樓(11層含以上有電梯),住家用,鋼筋混凝土造,0950817,156.48000000000002,4,2,2,有,有,9500000,60711,,0.0,0,244萬賣方免除買方付款義務親友、員工、共有人或其他特殊關係間之交易；,RPPUMLOLKHKGFAF38DA,110.99,4.33,9.24,有,
新莊區,房地(土地+建物),新北市新莊區建中街３２巷１８號三樓,30.4,住,,,1131223,土地1建物1車位0,三層，陽台,四層,公寓(5樓含以下無電梯),住家用,加強磚造,0640317,105.0,4,2,2,有,無,11400000,108571,,0.0,0,陽台外推；,RPQNMLLLJHKGFBF47DA,105.0,0.0,0.0,無,
新莊區,房地(土地+建物)+車位,新北市新莊區成德街１號九樓,20.82,住,,,1131231,土地1建物1車位1,九層,九層,華廈(10層含以下有電梯),住家用,鋼筋混凝土造,0891123,139.24,3,2,2,有,有,16200000,116346,坡道平面,31.4,0,,RPROMLKLKHKGFBF67DA,75.57,0.0,10.86,有,
林口區,房地(土地+建物),新北市林口區八德路２５０號十樓,8.85,,,,1131230,土地1建物1車位0,十層,十六層,住宅大樓(11層含以上有電梯),住家用,鋼筋混凝土造,1040129,75.23,1,1,1,有,有,15000000,199389,,0.0,0,,RPTRMLLLKHKGFBF28DA,43.1,0.0,3.97,有,198
深坑區,房地(土地+建物),新北市深坑區文化街１４號六樓,17.62,住,,,1131212,土地1建物1車位0,六層,七層,華廈(10層含以下有電梯),住家用,鋼筋混凝土造,0830817,99.09,2,2,2,有,無,9250000,93349,,0.0,0,,RPXNMLSJJHKGFCF78DA,75.13,0.48,8.14,有,
深坑區,房地(土地+建物)+車位,新北市深坑區深南路５１號五樓,62.82,,山坡地保育區,丙種建築用地,1131203,土地1建物1車位1,五層,十二層,住宅大樓(11層含以上有電梯),住家用,鋼筋混凝土造,0850719,179.43,3,2,2,有,有,11600000,64649,坡道平面,0.0,1000000,車位面積無法概算。其他增建；,RPUNMLOKJHKGFCF18DA,99.05,0.0,11.4,有,
新店區,房地(土地+建物)+車位,新北市新店區黎明路５４巷３０號,81.89,都市：其他:已開發建築密集地區,,,1131202,土地6建物1車位1,一層，二層，地下一層,四層,公寓(5樓含以下無電梯),住家用,鋼筋混凝土造,0791220,183.29,4,3,2,有,有,12400000,67652,坡道平面,0.0,0,平台增建陽台外推；,RPXNMLKLKHKGFCF28DA,103.13,5.39,10.07,無,
汐止區,房地(土地+建物)+車位,新北市汐止區湖東街３８號七樓,22.47,住,,,1131212,土地2建物1車位1,七層,十層,華廈(10層含以下有電梯),住家用,鋼筋混凝土構造,1080530,136.35,3,2,2,有,有,19850000,149368,坡道機械,12.16,1300000,陽台外推；其他增建；,RPXNMLOJKHKGFDF58DA,66.16,10.37,8.42,有,199
汐止區,房地(土地+建物)+車位,新北市汐止區新興路１４３號二樓,30.78,住,,,1131225,土地1建物1車位1,二層,二十一層,住宅大樓(11層含以上有電梯),住家用,鋼筋混凝土構造,1070213,201.06,3,2,2,有,有,33100000,181552,坡道平面,30.31,2100000,其他增建；,RPRNMLOLKHKGFDF18DA,102.67,1.15,12.81,有,200
汐止區,房地(土地+建物),新北市汐止區新台五路一段１６７號２８樓之１,5.45,商,,,1131214,土地1建物1車位0,二十八層,二十八層,住宅大樓(11層含以上有電梯),住家用,鋼筋混凝土造,0890523,107.99,3,2,2,有,有,21750000,201408,,0.0,0,其他增建；,RPTNMLOLKHKGFDF38DA,69.77,1.65,9.24,有,201
汐止區,房地(土地+建物),新北市汐止區福德一路２０１巷１７弄２６號二樓,11.61,住,,,1131219,土地1建物1車位0,二層,六層,華廈(10層含以下有電梯),住家用,鋼筋混凝土造,0811109,57.209999999999994,3,2,2,有,有,5650000,98759,,0.0,0,,RPXNMLPLKHKGFDF88DA,34.94,0.0,2.25,有,202
淡水區,房地(土地+建物)+車位,新北市淡水區新市三路二段２７７號十三樓,9.77,商,,,1131230,土地1建物1車位1,十三層,二十九層,住宅大樓(11層含以上有電梯),住家用,鋼筋混凝土造,1070525,137.24,3,2,2,有,有,11300000,84419,坡道機械,15.23,1000000,其他增建；,RPROMLQKJHKGFEF38DA,65.97,9.22,5.95,有,203
淡水區,房地(土地+建物)+車位,新北市淡水區新市二路三段１２０號十五樓,14.56,住,,,1131228,土地1建物1車位1,十五層,十五層,住宅大樓(11層含以上有電梯),住家用,鋼筋混凝土造,1130430,124.56,2,2,2,有,有,11030000,98812,坡道平面,31.15,1800000,,RPTPMLKKKHKGFEF18DA,59.31,0.0,3.03,有,204
淡水區,房地(土地+建物),新北市淡水區中正路一段１５６巷５號八樓,5.0,商,,,1131213,土地1建物1車位0,八層,十九層,住宅大樓(11層含以上有電梯),住家用,鋼筋混凝土造,0840505,59.71,1,1,1,有,有,5050000,84575,,0.0,0,陽台外推；,RPXNMLSKKHKGFEF56DA,40.51,0.0,3.23,有,205
淡水區,房地(土地+建物)+車位,新北市淡水區淡金路１２號十四樓之５,20.75,商,,,1131218,土地1建物1車位1,十四層,十七層,住宅大樓(11層含以上有電梯),住家用,鋼筋混凝土造,0960827,181.49,3,2,2,有,有,17500000,96424,坡道平面,41.28,0,含其他增建:機電室外推其他增建；,RPTNMLKLKHKGFEF08DA,71.3,0.0,7.97,有,
淡水區,房地(土地+建物)+車位,新北市淡水區新市五路二段７號五樓,5.45,住,,,1131231,土地1建物1車位1,五層,二十層,住宅大樓(11層含以上有電梯),住家用,鋼筋混凝土造,1021203,43.59,3,2,2,有,有,2440000,55976,坡道平面,7.07,0,持分1/4。親友、員工、共有人或其他特殊關係間之交易；,RPTNMLLLKHKGFEF18DA,23.52,0.51,2.21,有,104
淡水區,房地(土地+建物),新北市淡水區中山北路一段４５巷１７號四樓,28.35,住,,,1131221,土地2建物1車位0,四層，走廊,四層,公寓(5樓含以下無電梯),住家用,鋼筋混凝土造,0650528,69.18,2,2,1,有,無,6770000,97861,,0.0,0,走廊外移且向外加蓋凸窗。頂樓加蓋；其他增建；,RPOOMLLLKHKGFEF77DA,69.18,0.0,0.0,無,
淡水區,房地(土地+建物)+車位,新北市淡水區北新路２２２號九樓,13.23,住,,,1131224,土地1建物1車位1,九層,十五層,住宅大樓(11層含以上有電梯),住家用,鋼筋混凝土造,0980116,98.92,1,1,1,有,有,8350000,84412,坡道平面,32.44,0,含其他增建:原登記之3個機械車位變更為1個平面車位其他增建；,RPROMLLLKHKGFEF08DA,41.81,0.0,5.47,有,207
淡水區,房地(土地+建物)+車位,新北市淡水區濱海路二段２０１號十一樓,61.44,住,,,1131220,土地1建物1車位2,十一層,二十七層,住宅大樓(11層含以上有電梯),住家用,鋼筋混凝土造,1050624,359.11,4,2,3,有,有,39800000,112761,坡道平面,42.51,4100000,,RPSOMLOLKHKGFEF48DA,211.75,0.0,11.02,有,
三重區,房地(土地+建物)+車位,新北市三重區仁愛街２７６號六樓之一,15.69,商,,,1131214,土地1建物1車位1,六層,十一層,住宅大樓(11層含以上有電梯),商業用,鋼筋混凝土造,0790119,180.04,4,2,2,有,有,26880000,149300,坡道平面,0.0,0,,RPSNMLQKJHKGFGF58DA,141.62,0.0,21.05,有,208
三重區,房地(土地+建物)+車位,新北市三重區元信一街３９號十五樓之七,11.63,住,,,1131215,土地1建物1車位1,十五層,十五層,住宅大樓(11層含以上有電梯),住家用,鋼筋混凝土造,1130731,101.78999999999999,3,1,1,有,有,16880000,165832,坡道平面,30.99,0,,RPVOMLPJKHKGFGF88DA,43.39,0.0,2.98,有,209
三重區,房地(土地+建物),新北市三重區頂崁街２１１號五樓,19.51,住,,,1131230,土地1建物1車位0,五層,五層,公寓(5樓含以下無電梯),住家用,鋼筋混凝土造,0720808,88.14,3,2,1,有,無,8600000,97572,,0.0,0,,RPUPMLRJKHKGFGF09DA,82.86,0.0,5.28,無,
蘆洲區,房地(土地+建物)+車位,新北市蘆洲區集賢路２７０號九樓之一,41.29,都市：其他:住宅區,,,1131225,土地3建物1車位2,九層,十四層,住宅大樓(11層含以上有電梯),住家用,鋼筋混凝土造,0990413,302.02,4,2,3,有,有,42000000,160464,坡道平面,67.7,4400000,,RPROMLOKKHKGFGF48DA,160.58,5.74,16.6,有,210
三重區,房地(土地+建物),新北市三重區大智街８９號十一樓之七,10.01,住,,,1131215,土地1建物1車位0,十一層,二十層,住宅大樓(11層含以上有電梯),住家用,鋼筋混凝土造,1130809,73.34,2,1,1,有,有,16310000,222389,,0.0,0,,RPQOMLKLKHKGFGF08DA,43.28,0.0,4.5,有,
三重區,房地(土地+建物)+車位,新北市三重區元信二街１３２號八樓,12.89,住,,,1131227,土地1建物1車位1,八層,十層,華廈(10層含以下有電梯),住家用,鋼筋混凝土造,1100706,82.38,2,1,1,有,有,14200000,210561,坡道機械,22.54,1600000,,RPWOMLKLKHKGFGF68DA,36.95,0.0,2.6,有,211
三重區,房地(土地+建物)+車位,新北市三重區環河南路２１號四樓之二,3.99,商,,,1131231,土地1建物1車位2,四層,十七層,住宅大樓(11層含以上有電梯),商業用,鋼筋混凝土造,0890827,71.22,1,1,1,有,有,5000000,70205,坡道機械,0.0,0,套房親友、員工、共有人或其他特殊關係間之交易；,RPPNMLLLKHKGFGF97DA,24.39,0.0,2.03,有,
三重區,房地(土地+建物),新北市三重區大同北路２７１巷８號,26.27,住,,,1131206,土地1建物1車位0,全,二層,透天厝,住家用,加強磚造,,42.98,3,3,3,有,無,11350000,264076,,0.0,0,頂樓加蓋；,RPUNMLLLKHKGFGF48DA,42.98,0.0,0.0,無,
蘆洲區,房地(土地+建物)+車位,新北市蘆洲區三民路４８５號八樓,18.3,住,,,1131210,土地1建物1車位1,八層,十四層,住宅大樓(11層含以上有電梯),住家用,鋼筋混凝土造,1130815,145.05,3,2,2,有,無,13000000,89624,坡道平面,30.47,0,親友、員工、共有人或其他特殊關係間之交易；,RPWNMLLLKHKGFGF68DA,72.53,0.0,3.85,有,212
三重區,房地(土地+建物),新北市三重區五華街１８０巷４號四樓,26.75,住,,,1131226,土地1建物1車位0,四層，陽台,四層,公寓(5樓含以下無電梯),住家用,鋼筋混凝土造,0680216,77.0,3,2,1,有,無,9400000,122078,,0.0,0,陽台外推；,RPSNMLPLKHKGFGF68DA,77.0,0.0,0.0,無,
中和區,房地(土地+建物),新北市中和區民享街８６巷２號三樓,32.51,住,,,1131221,土地1建物1車位0,三層,五層,公寓(5樓含以下無電梯),住家用,鋼筋混凝土造,0700730,136.36,4,2,1,有,無,15880000,116456,,0.0,0,其他增建；,RPSNMLSJJHKGFHF78DA,120.32,0.0,16.04,無,
中和區,房地(土地+建物)+車位,新北市中和區中山路二段４５５號十八樓,19.63,住,,,1131223,土地2建物1車位1,十八層,二十六層,住宅大樓(11層含以上有電梯),住家用,鋼骨鋼筋混凝土構造,1130313,189.8,3,2,2,有,有,32000000,168599,坡道平面,36.48,0,,RPOOMLMKKHKGFHF08DA,86.65,7.84,7.19,有,
永和區,房地(土地+建物),新北市永和區中山路一段３８號十二樓之一,4.2,商,,,1131222,土地2建物1車位0,十二層,十五層,住宅大樓(11層含以上有電梯),住家用,鋼筋混凝土構造,0990910,58.22,1,1,1,有,有,13900000,238750,,0.0,0,,RPXNMLKLKHKGFHF78DA,36.13,1.62,2.22,有,213
三峽區,房地(土地+建物),新北市三峽區文化路１２０巷１９號三樓,26.12,住,,,1131223,土地1建物1車位0,三層,六層,華廈(10層含以下有電梯),住家用,鋼筋混凝土造,0800313,125.86999999999999,3,2,2,有,無,4000000,31779,,0.0,0,親友、員工、共有人或其他特殊關係間之交易；,RPSNMLKLKHKGFIF38DA,98.61,0.0,12.24,有,
鶯歌區,房地(土地+建物),新北市鶯歌區高職西街６６號七樓,20.23,住,,,1131226,土地1建物1車位0,七層,十二層,住宅大樓(11層含以上有電梯),住家用,鋼筋混凝土造,0870612,114.25,3,2,2,有,有,9210000,80613,,0.0,0,,RPOOMLLLKHKGFIF18DA,71.82,0.0,10.15,有,214
新莊區,房地(土地+建物)+車位,新北市新莊區中正路６５１之２號五樓,75.86,工,,,1131225,土地1建物2車位1,五層,十層,華廈(10層含以下有電梯),辦公用,鋼筋混凝土造,0890126,536.34,0,0,0,無,有,60000000,111869,坡道平面,35.6,0,,RPTNMLKLKHKGFBF87EA,352.82,0.0,0.0,有,
五股區,房地(土地+建物)+車位,新北市五股區御成路１２９號五樓,18.46,住,,,1131213,土地1建物1車位1,五層,十四層,住宅大樓(11層含以上有電梯),住家用,鋼筋混凝土造,0990913,135.38,3,2,2,有,有,13250000,106062,坡道平面,29.31,2000000,,RPPNMLLLKHKGFBF57EA,64.67,0.0,11.39,有,215
新莊區,房地(土地+建物),新北市新莊區化成路６６０巷１７號,145.61,工,,,1131220,土地2建物1車位0,全,三層,透天厝,工業用,鋼筋混凝土造,0700202,291.24,5,3,2,有,無,27000000,92707,,0.0,0,透天厝：1樓都是工廠，無格局。2.3樓都是住家，共5房3廳2衛親友、員工、共有人或其他特殊關係間之交易；,RPPNMLPLKHKGFBF97EA,291.24,0.0,0.0,無,
汐止區,車位,新北市汐止區湖東街３８號等,0.13,住,,,1131212,土地2建物1車位1,,,其他,,,,32.63,0,0,0,無,無,1750000,,升降平面,32.63,1750000,僅車位交易；,RPUNMLTKKHKGFDF98EA,0.0,0.0,0.0,無,216
淡水區,房地(土地+建物)+車位,新北市淡水區水源街一段７５之２號二樓,34.09,住,,,1131215,土地1建物1車位1,二層,七層,華廈(10層含以下有電梯),住家用,鋼筋混凝土造,1010625,205.13,3,2,2,有,有,18380000,101397,坡道平面,37.67,1400000,,RPPNMLOLKHKGFEF18EA,93.9,14.08,9.34,有,217
三重區,房地(土地+建物),新北市三重區中正北路３１２巷７號五樓,34.0,住,,,1131228,土地5建物1車位0,五層,五層,公寓(5樓含以下無電梯),住家用,鋼筋混凝土造,0740726,94.27,5,3,2,有,無,11000000,116686,,0.0,0,頂樓加蓋；,RPPNMLLLKHKGFGF08EA,81.71,0.0,12.56,無,
三重區,房地(土地+建物),新北市三重區福德南路６１之１號三樓,29.98,商,,,1131231,土地2建物1車位0,三層,五層,公寓(5樓含以下無電梯),住家用,鋼筋混凝土造,0780826,110.4,3,2,2,有,無,14000000,126812,,0.0,0,,RPQNMLLLKHKGFGF18EA,93.41,0.0,8.92,無,218
永和區,房地(土地+建物),新北市永和區光復街２巷１６弄６６號,28.0,住,,,1131205,土地1建物1車位0,一層，平台,四層,公寓(5樓含以下無電梯),住家用,鋼筋混凝土造,0690715,63.56,2,1,1,有,無,10000000,157332,,0.0,0,,RPQOMLKLKHKGFHF28EA,63.56,0.0,0.0,無,
中和區,房地(土地+建物),新北市中和區中山路三段１１２號四樓,28.82,工,,,1131230,土地1建物1車位0,四層,八層,華廈(10層含以下有電梯),辦公用,鋼筋混凝土造,0790606,187.62,3,2,2,有,有,10000000,53299,,0.0,0,親友、員工、共有人或其他特殊關係間之交易；,RPROMLOLKHKGFHF78EA,118.2,5.31,22.84,有,
中和區,房地(土地+建物),新北市中和區泰和街３８巷１２號四樓,24.66,住,,,1131222,土地1建物1車位0,四層，陽台,五層,公寓(5樓含以下無電梯),住家用,鋼筋混凝土造,0681102,86.4,3,2,1,有,無,12300000,142361,,0.0,0,,RPSOMLOLKHKGFHF88EA,86.4,0.0,0.0,無,
永和區,房地(土地+建物),新北市永和區中正路５４２號二樓,15.29,商,,,1131222,土地1建物1車位0,二層,十一層,住宅大樓(11層含以上有電梯),住家用,鋼筋混凝土造,0770811,121.44999999999999,3,2,2,有,有,19000000,156443,,0.0,0,陽台外推；,RPUOMLOLKHKGFHF09EA,91.57,4.64,10.67,有,
鶯歌區,土地,國姓段1675地號,45.1,都市：其他:保護區,,,1131231,土地1建物0車位0,,,其他,,,,0.0,0,0,0,無,無,600281,13310,,0.0,0,政府機關標讓售；,RPQNMLLLKHKGFIF38EA,0.0,0.0,0.0,無,
三峽區,房地(土地+建物),新北市三峽區中山路１０６巷２之２號八樓,14.81,住,,,1131211,土地2建物1車位0,八層,十三層,住宅大樓(11層含以上有電梯),住家用,鋼筋混凝土造,0830701,122.25999999999999,3,2,2,有,有,12700000,103877,,0.0,0,其他增建；,RPRNMLOLKHKGFIF78EA,90.52,0.0,10.09,有,219
土城區,房地(土地+建物)+車位,新北市土城區莊園街２５號十五樓,22.61,住,,,1131202,土地1建物1車位1,十五層,二十四層,住宅大樓(11層含以上有電梯),住家用,鋼骨構造,1080412,144.9,2,2,1,有,有,26660000,220009,坡道平面,36.45,2800000,,RPORNLOJKHKGFAF87DA,70.11,0.0,3.84,有,220
土城區,房地(土地+建物),新北市土城區永豐路１３５巷１７弄１號,13.85,商,,,1131231,土地1建物1車位0,一層，騎樓,七層,華廈(10層含以下有電梯),商業用,鋼筋混凝土造,0821216,96.02000000000001,0,1,1,有,有,13300000,138513,,0.0,0,其他增建；,RPQOMLTKKHKGFAF28DA,73.23,3.81,0.0,有,221
板橋區,房地(土地+建物),新北市板橋區漢生東路１１３巷６弄１１號四樓,25.0,住,,,1131215,土地1建物1車位0,四層,五層,公寓(5樓含以下無電梯),住家用,鋼筋混凝土造,0670204,81.85,2,2,2,有,無,9600000,117288,,0.0,0,陽台外推；,RPOOMLLLKHKGFAF37DA,81.85,0.0,0.0,無,222
板橋區,房地(土地+建物),新北市板橋區民治街５１巷１３號二樓,24.75,住,,,1131223,土地1建物1車位0,二層，陽台,四層,公寓(5樓含以下無電梯),住家用,加強磚造,,82.29,3,2,2,有,無,13900000,168915,,0.0,0,陽台外推；,RPSQNLLLKHKGFAF08DA,82.29,0.0,0.0,無,223
林口區,房地(土地+建物)+車位,新北市林口區八德路８６號十樓,25.41,住,,,1131207,土地1建物1車位1,十層,十二層,住宅大樓(11層含以上有電梯),住家用,鋼筋混凝土造,0960504,158.42000000000002,3,2,2,有,有,21000000,132559,坡道平面,0.0,0,其他增建：欄杆、前後陽台加鐵窗、雨遮增建其他增建；,RPSPMLTJKIJGFBF58DA,87.54,0.0,10.02,有,
林口區,房地(土地+建物)+車位,新北市林口區民族路２５６號二十一樓,22.04,住,,,1131228,土地1建物1車位1,二十一層,二十六層,住宅大樓(11層含以上有電梯),住家用,鋼筋混凝土造,1070723,191.15,4,2,2,有,有,32300000,168977,坡道平面,30.3,0,其他增建；,RPWOMLRJKHKGFBF68DA,91.18,10.93,4.56,有,224
新莊區,房地(土地+建物),新北市新莊區富貴路４７６號十二樓,10.04,商,,,1131219,土地1建物1車位0,十二層,十四層,住宅大樓(11層含以上有電梯),住家用,鋼筋混凝土造,1090110,69.2,1,1,1,有,有,13580000,196243,,0.0,0,,RPXNMLSJKHKGFBF78DA,39.64,1.66,3.22,有,225
林口區,房地(土地+建物)+車位,新北市林口區忠福路１４９號六樓,23.45,住,,,1131230,土地1建物1車位1,六層,七層,華廈(10層含以下有電梯),住家用,鋼筋混凝土造,1100628,113.85,2,2,1,有,有,15000000,131752,坡道平面,24.74,0,,RPRRMLLKKHKGFBF97DA,54.66,1.02,4.91,有,226
林口區,房地(土地+建物)+車位,新北市林口區民族路２５６號十五樓,22.04,住,,,1131227,土地1建物1車位1,十五層,二十六層,住宅大樓(11層含以上有電梯),住家用,鋼筋混凝土造,1070723,191.15,4,2,2,有,有,27000000,141250,坡道平面,30.3,0,,RPSOMLRKKHKGFBF38DA,91.18,10.93,4.56,有,227
新莊區,房地(土地+建物),新北市新莊區民本街１１巷２９弄１８號,27.79,住,,,1131230,土地1建物1車位0,一層,五層,公寓(5樓含以下無電梯),商業用,鋼筋混凝土造,0700129,77.06,2,1,2,有,無,9000000,116792,,0.0,0,親友、員工、共有人或其他特殊關係間之交易；,RPTOMLPLKHKGFBF38DA,77.06,0.0,0.0,無,
新莊區,房地(土地+建物),新北市新莊區福海街１２號二樓,11.92,住,,,1131231,土地1建物1車位0,二層，陽台,四層,公寓(5樓含以下無電梯),住家用,加強磚造,0650617,32.93,3,2,2,有,無,3310000,100516,,0.0,0,親友、員工、共有人或其他特殊關係間之交易；,RPUOMLPLKHKGFBF48DA,32.93,0.0,0.0,無,
林口區,房地(土地+建物)+車位,新北市林口區民富街８７號六樓,18.75,商,,,1131225,土地1建物1車位2,六層,二十九層,住宅大樓(11層含以上有電梯),住家用,鋼筋混凝土造,1090122,244.69,3,2,3,有,有,34700000,141812,坡道平面,43.8,0,,RPXPMLPLKHKGFBF88DA,122.29,4.87,11.71,有,228
新店區,房地(土地+建物),新北市新店區安康路二段８５巷５弄２號五樓,39.66,住,,,1131210,土地1建物1車位0,五層,五層,公寓(5樓含以下無電梯),住家用,鋼筋混凝土造,0760709,110.0,3,2,2,有,無,7000000,63636,,0.0,0,頂樓加蓋；其他增建；,RPWOMLKLJHKGFCF18DA,101.5,0.0,8.5,無,
石碇區,土地,崩山段崩山小段188地號,2666.0,,山坡地保育區,農牧用地,1131217,土地1建物0車位0,,,其他,,,,0.0,0,0,0,無,無,5000000,1875,,0.0,0,,RPUNMLOLKHKGFCF38DA,0.0,0.0,0.0,無,
新店區,房地(土地+建物)+車位,新北市新店區中央七街５０號六樓,37.81,住,,,1131223,土地1建物1車位1,六層,六層,華廈(10層含以下有電梯),住家用,鋼筋混凝土構造,1051117,154.09,3,2,2,有,有,24400000,158349,一樓平面,0.0,0,親友、員工、共有人或其他特殊關係間之交易；,RPSNMLPLKHKGFCF28DA,77.26,6.73,7.59,有,
汐止區,房地(土地+建物),新北市汐止區八連路一段９４巷２之１號,1040.22,,山坡地保育區,丁種建築用地,1131225,土地4建物1車位0,全,一層,透天厝,工業用,加強磚造,0691101,249.18,0,0,0,無,無,30000000,120395,,0.0,0,本案為二親等間買賣.親友、員工、共有人或其他特殊關係間之交易；,RPQNMLSJKHKGFDF28DA,249.18,0.0,0.0,無,
汐止區,房地(土地+建物),新北市汐止區水源路一段２９１巷１９號２樓,22.81,住,,,1131223,土地1建物1車位0,二層,五層,公寓(5樓含以下無電梯),住家用,鋼筋混凝土造,0701230,88.13,3,2,1,有,無,7900000,89640,,0.0,0,陽台外推；,RPQNMLOLKHKGFDF08DA,78.36,0.0,9.77,無,
淡水區,房地(土地+建物)+車位,新北市淡水區濱海路一段１１１巷１１１號,177.9,住,,,1131219,土地1建物1車位1,全,四層,透天厝,住家用,鋼筋混凝土造,1100716,373.21999999999997,4,3,3,有,有,38800000,110882,坡道平面,38.63,1700000,,RPQQMLQLKIJGFEF68DA,279.46,0.0,23.19,有,
淡水區,土地,林子段27地號,1356.53,都市：其他:機關用地,,,1131205,土地15建物0車位0,,,其他,,,,0.0,0,0,0,無,無,28314239,20873,,0.0,0,,RPSOMLNJKHKGFEF18DA,0.0,0.0,0.0,無,229
八里區,土地,荖阡段82地號,2235.65,都市：其他:保護區,,,1131230,土地1建物0車位0,,,其他,,,,0.0,0,0,0,無,無,4200000,1879,,0.0,0,,RPSOMLSKKHKGFEF78DA,0.0,0.0,0.0,無,
蘆洲區,房地(土地+建物)+車位,新北市蘆洲區永康街７９之４號十二樓,18.34,住,,,1131208,土地1建物1車位1,十二層,十二層,住宅大樓(11層含以上有電梯),住家用,鋼筋混凝土造,0871215,149.21,3,2,2,有,有,19800000,132699,坡道平面,46.26,0,陽台外推；,RPPNMLKLKHKGFGF87DA,77.46,0.0,9.21,有,230
三重區,房地(土地+建物),新北市三重區重新路一段５１號二樓之二,7.17,商,,,1131210,土地1建物1車位0,二層,十二層,住宅大樓(11層含以上有電梯),商業用,鋼筋混凝土造,0870605,89.88,3,1,2,有,有,15300000,170227,,0.0,0,其他增建；,RPUOMLLLKHKGFGF58DA,64.98,0.0,4.44,有,231
三重區,房地(土地+建物),新北市三重區重陽路三段５巷２３號三樓,24.47,住,,,1131209,土地1建物1車位0,三層,五層,公寓(5樓含以下無電梯),住家用,鋼筋混凝土造,0751216,98.92999999999999,3,2,1,有,無,12680000,128171,,0.0,0,陽台外推；,RPSNMLOLKHKGFGF58DA,80.76,0.53,10.4,無,
三重區,房地(土地+建物),新北市三重區安慶街１４９巷１２號,9.72,都市：其他:住宅區,,,1131227,土地2建物1車位0,一層，騎樓,四層,公寓(5樓含以下無電梯),商業用,鋼筋混凝土造,0670510,32.5,1,1,1,有,無,4000000,123077,,0.0,0,親友、員工、共有人或其他特殊關係間之交易；,RPSNMLQLKHKGFGF78DA,32.5,0.0,0.0,無,
中和區,房地(土地+建物),新北市中和區安樂路６５號三樓,23.93,住,,,1131218,土地1建物1車位0,三層，陽台,五層,公寓(5樓含以下無電梯),住家用,鋼筋混凝土造,0681109,83.82,3,2,1,有,無,10260000,122405,,0.0,0,其他增建；,RPOOMLRKJHKGFHF48DA,83.82,0.0,0.0,無,
永和區,房地(土地+建物),新北市永和區中正路９３號七樓之一,10.32,商,,,1131215,土地3建物1車位0,七層,十九層,住宅大樓(11層含以上有電梯),住家用,鋼筋混凝土造,0900411,94.87,3,2,2,有,有,20080000,211658,,0.0,0,陽台外推；其他增建；,RPWSMLMLJHKGFHF66DA,61.02,2.71,11.05,有,
永和區,房地(土地+建物),新北市永和區中山路一段３８號六樓之二,4.52,商,,,1131222,土地2建物1車位0,六層,十五層,住宅大樓(11層含以上有電梯),住家用,鋼筋混凝土構造,0990910,62.69,1,1,1,有,有,14900000,237677,,0.0,0,,RPRNMLLJKHKGFHF08DA,38.62,1.2,3.22,有,232
永和區,房地(土地+建物),新北市永和區福和路３８５號十一樓之四,2.68,商,,,1131229,土地1建物1車位0,十一層,十一層,住宅大樓(11層含以上有電梯),住家用,鋼筋混凝土造,0850923,29.25,1,0,1,有,有,7000000,239316,,0.0,0,陽台外推；其他增建；,RPTOMLKKKHKGFHF38DA,15.26,0.0,7.03,有,
永和區,房地(土地+建物),新北市永和區光復街２巷５１號,49.0,住,,,1131227,土地1建物1車位0,全,二層,透天厝,住家用,加強磚造,0711216,63.3,3,2,2,有,無,14200000,224329,,0.0,0,一樓空地增建，平台外推，陽台外推，上下樓層內梯，遮雨棚增建，頂樓鐵皮增建,RPPOMLOKKHKGFHF38DA,45.2,9.05,9.05,無,233
永和區,房地(土地+建物),新北市永和區得和路３７３巷１６弄１４號五樓,25.04,住,,,1131201,土地1建物1車位0,五層，陽台,五層,公寓(5樓含以下無電梯),住家用,鋼筋混凝土造,0690108,91.79,3,2,2,有,無,12600000,137270,,0.0,0,未登記建物；,RPQOMLTKKHKGFHF98DA,91.79,0.0,0.0,無,
樹林區,房地(土地+建物),新北市樹林區龍興街３１巷２號四樓,23.15,住,,,1131231,土地1建物1車位0,四層，陽台,四層,公寓(5樓含以下無電梯),住家用,鋼筋混凝土造,0640124,74.4,2,2,2,有,無,7000000,94086,,0.0,0,,RPOOMLQKJHKGFIF48DA,74.4,0.0,0.0,無,234
三峽區,房地(土地+建物),新北市三峽區大同路３９巷２２弄８號二樓,19.76,住,,,1131222,土地1建物1車位0,二層,六層,華廈(10層含以下有電梯),住家用,鋼筋混凝土造,0840417,101.18,3,2,2,有,無,9000000,88950,,0.0,0,陽台外推；其他增建；,RPPOMLNLJHKGFIF38DA,77.12,1.68,7.73,有,235
板橋區,房地(土地+建物),新北市板橋區縣民大道三段３３巷９弄２號,68.5,住,,,1131224,土地1建物2車位0,一層,四層,公寓(5樓含以下無電梯),住家用,鋼筋混凝土造,,136.42,3,2,2,有,無,14000000,102624,,0.0,0,親友、員工、共有人或其他特殊關係間之交易；,RPQNMLPLKHKGFAF97EA,136.42,0.0,0.0,無,
林口區,房地(土地+建物)+車位,新北市林口區麗園二街３８巷８１號,213.21,住,,,1131230,土地2建物1車位2,全,四層,透天厝,住家用,鋼筋混凝土造,0980716,413.1,3,2,3,有,有,40000000,96829,坡道平面,0.0,0,,RPPNMLOLKHKGFBF87EA,222.79,0.0,43.26,有,236
新莊區,房地(土地+建物)+車位,新北市新莊區富貴路１２５號十八樓之一,14.44,住,,,1131213,土地1建物1車位1,十八層,二十一層,住宅大樓(11層含以上有電梯),住家用,鋼筋混凝土造,1121020,133.89,3,1,2,有,有,24800000,205316,坡道平面,24.79,2400000,,RPSNMLQLKHKGFBF38EA,63.26,4.58,6.18,有,
新店區,土地,香坡段793地號,291.11,都市：其他:已開發建築密集地區,,,1131228,土地2建物0車位0,,,其他,,,,0.0,0,0,0,無,無,12500000,42939,,0.0,0,,RPRNMLPLKHKGFCF28EA,0.0,0.0,0.0,無,237
汐止區,房地(土地+建物)+車位,新北市汐止區福德二路７１號六樓之１,21.52,住,,,1131220,土地1建物1車位1,六層,十五層,住宅大樓(11層含以上有電梯),住家用,鋼筋混凝土造,0980224,213.27,4,2,2,有,有,25000000,117222,坡道平面,15.38,0,親友、員工、共有人或其他特殊關係間之交易；,RPPNMLQLKHKGFDF28EA,112.47,5.41,16.92,有,
淡水區,房地(土地+建物)+車位,新北市淡水區濱海路二段１７９號十七樓,38.13,住,,,1131209,土地1建物1車位2,十七層,十八層,住宅大樓(11層含以上有電梯),住家用,鋼筋混凝土造,1050624,234.07,4,2,2,有,有,21600000,97622,坡道平面,43.54,3000000,,RPTOMLSKKHKGFEF98EA,117.07,7.23,9.72,有,238
淡水區,房地(土地+建物),新北市淡水區中山路７２巷６弄８號四樓,25.54,住,,,1131228,土地5建物1車位0,四層，走廊,四層,公寓(5樓含以下無電梯),住家用,鋼筋混凝土造,0670601,92.13,3,2,1,有,無,4500000,48844,,0.0,0,頂樓加蓋；,RPSOMLPLKHKGFEF68EA,92.13,0.0,0.0,無,
三重區,房地(土地+建物),新北市三重區三和路四段１４５巷１４６號,21.0,住,,,1131201,土地1建物1車位0,一層，騎樓,三層,公寓(5樓含以下無電梯),住家用,加強磚造,0600602,56.95,1,2,2,有,無,9300000,163301,,0.0,0,其他增建：騎樓其他增建；,RPPNMLPLKHKGFGF48EA,56.95,0.0,0.0,無,239
蘆洲區,房地(土地+建物),新北市蘆洲區集賢路２２２巷１６號十一樓,9.49,住,,,1131229,土地2建物1車位0,十一層,十二層,住宅大樓(11層含以上有電梯),住家用,鋼筋混凝土造,0860120,60.46,1,1,1,有,有,11680000,193186,,0.0,0,陽台外推；其他增建；,RPOOMLPLKHKGFGF48EA,38.83,0.0,5.3,有,240
土城區,房地(土地+建物)+車位,新北市土城區中央路一段９６巷１３號七樓,21.26,住,,,1131128,土地1建物1車位1,七層,九層,華廈(10層含以下有電梯),住家用,鋼筋混凝土造,0850613,160.48000000000002,3,2,2,有,有,19700000,122757,坡道平面,0.0,2300000,陽台外推；其他增建；,RPVPMLNLJHKGFAF28DA,78.06,0.0,5.94,有,
板橋區,房地(土地+建物),新北市板橋區民權路２０２巷３６號三樓,23.0,住,,,1131103,土地1建物1車位0,三層，陽台,四層,公寓(5樓含以下無電梯),住家用,鋼筋混凝土造,0620707,76.56,2,2,1,有,無,13580000,177377,,0.0,0,陽台外推；其他增建；,RPSPMLOLJHKGFAF08DA,76.56,0.0,0.0,無,241
板橋區,房地(土地+建物)+車位,新北市板橋區篤行路二段７４號三樓,14.1,住,,,1131108,土地1建物1車位1,三層,十二層,住宅大樓(11層含以上有電梯),住家用,鋼筋混凝土造,0840117,114.5,3,2,2,有,有,13000000,113537,坡道機械,0.0,0,,RPVNMLSKKHKGFAF58DA,80.58,0.0,4.25,有,242
新莊區,房地(土地+建物)+車位,新北市新莊區思源路２３０巷４３號七樓,19.46,住,,,1131110,土地1建物1車位1,七層,十一層,住宅大樓(11層含以上有電梯),住家用,鋼筋混凝土造,1070529,133.17000000000002,2,2,1,有,有,20000000,207182,升降平面,46.29,2000000,其他增建；,RPXOMLNJJHKGFBF28DA,52.17,2.43,4.98,有,243
新莊區,房地(土地+建物)+車位,新北市新莊區福德三街２８號十四樓,34.58,住,,,1131124,土地1建物1車位1,十四層,十七層,住宅大樓(11層含以上有電梯),住家用,鋼筋混凝土造,1010425,215.56,4,2,3,有,有,34500000,174863,坡道平面,32.56,2500000,,RPSOMLKLJHKGFBF67DA,113.94,10.56,10.92,有,244
新莊區,房地(土地+建物)+車位,新北市新莊區龍安路６９巷５６號三樓,12.29,住,,,1131119,土地1建物1車位1,三層,二十二層,住宅大樓(11層含以上有電梯),住家用,鋼筋混凝土造,1061205,150.95999999999998,2,2,2,有,有,24780000,189502,坡道平面,30.75,2000000,其他增建；,RPVOMLLLJHKGFBF08DA,67.3,4.87,7.13,有,245
林口區,房地(土地+建物)+車位,新北市林口區文化北路一段４８２號五樓之二,36.79,住,,,1131109,土地1建物1車位1,五層,九層,華廈(10層含以下有電梯),住家用,鋼筋混凝土造,0960130,168.28,3,2,2,有,有,19500000,115878,坡道平面,0.0,0,陽台外推；,RPWOMLPJKHKGFBF48DA,83.96,2.44,10.11,有,
五股區,房地(土地+建物)+車位,新北市五股區成泰路三段４２號六樓,48.77,工,,,1131123,土地2建物1車位1,六層,八層,華廈(10層含以下有電梯),工業用,鋼筋混凝土造,0850306,319.15000000000003,3,3,4,有,有,20000000,62666,其他,0.0,0,陽台外推；,RPOQMLOKKHKGFBF87DA,254.15,3.77,0.0,有,246
新莊區,房地(土地+建物)+車位,新北市新莊區新北大道三段６７號二樓之七,10.79,商,,,1131112,土地1建物1車位1,二層,二十二層,住宅大樓(11層含以上有電梯),辦公用,鋼筋混凝土造,0951005,173.59,3,2,2,有,有,14500000,83530,坡道平面,48.65,0,親友、員工、共有人或其他特殊關係間之交易；,RPSOMLSKKHKGFBF48DA,70.0,6.33,11.11,有,
新店區,房地(土地+建物)+車位,新北市新店區斯馨路７６號五樓,35.37,住,,,1131130,土地1建物1車位1,五層,十四層,住宅大樓(11層含以上有電梯),住家用,鋼筋混凝土構造,1121019,183.44,3,2,2,有,有,42300000,261597,坡道平面,31.68,2600000,,RPXNMLQKKIJGFCF78DA,95.75,0.0,6.08,有,247
新店區,土地,北新段541地號,8.7,都市：其他:道路用地,,,1131128,土地4建物0車位0,,,其他,,,,0.0,0,0,0,無,無,2090000,240230,,0.0,0,包含公共設施保留地用地；,RPOOMLNLKIJGFCF77DA,0.0,0.0,0.0,無,248
新店區,房地(土地+建物),新北市新店區安康路二段６９巷１６號三樓,23.99,住,,,1131121,土地1建物1車位0,三層,五層,公寓(5樓含以下無電梯),住家用,鋼筋混凝土造,0701028,78.97,3,2,1,有,無,9390000,118906,,0.0,0,陽台外推；其他增建；,RPSNMLNLJHKGFCF97DA,69.25,0.0,9.72,無,
新店區,房地(土地+建物),新北市新店區安康路二段１５９巷２７之２號三樓,14.88,住,,,1131116,土地1建物1車位0,三層,七層,華廈(10層含以下有電梯),住家用,鋼筋混凝土構造,1120821,63.91,0,0,1,有,有,12360000,193397,,0.0,0,,RPWNMLNLJHKGFCF38DA,39.83,0.0,4.27,有,249
深坑區,房地(土地+建物)+車位,新北市深坑區北深路三段２３８之１１號十二樓,12.67,工,,,1131112,土地3建物1車位1,十二層,十六層,住宅大樓(11層含以上有電梯),辦公用,鋼筋混凝土造,0981221,140.9,1,2,1,有,有,9000000,63875,坡道平面,40.73,0,親友、員工、共有人或其他特殊關係間之交易；陽台外推；,RPTOMLRKKHKGFCF58DA,61.89,0.0,7.56,有,
汐止區,房地(土地+建物),新北市汐止區新台五路二段９１號１７樓之３,5.33,住,,,1131114,土地1建物1車位0,十七層,二十五層,住宅大樓(11層含以上有電梯),住家用,鋼筋混凝土造,0840824,91.25999999999999,3,2,2,有,有,13570000,148696,,0.0,0,,RPPNMLOKJIJGFDF77DA,64.45,2.07,2.25,有,
汐止區,房地(土地+建物),新北市汐止區忠孝東路４２６之１號１４樓之５,11.69,住,,,1131110,土地1建物1車位0,十四層,十八層,住宅大樓(11層含以上有電梯),住家用,鋼筋混凝土造,0851009,84.5,2,2,1,有,有,12000000,142012,,0.0,0,陽台外推；夾層；,RPQNMLKLKIJGFDF67DA,54.02,3.96,7.67,有,
汐止區,房地(土地+建物),新北市汐止區大同路二段１８４巷２號４樓之４,12.79,商,,,1131119,土地2建物1車位0,四層,二十三層,住宅大樓(11層含以上有電梯),住家用,鋼筋混凝土造,0870903,100.74000000000001,2,2,1,有,有,19600000,194560,,0.0,0,陽台外推；,RPTNMLKLJHKGFDF87DA,65.27,0.4,8.31,有,
淡水區,房地(土地+建物),新北市淡水區鄧公路３０巷１弄３７號四樓,39.35,住,,,1131116,土地1建物1車位0,四層，五層，夾層,五層,公寓(5樓含以下無電梯),住家用,鋼筋混凝土造,0780623,175.4,4,3,2,有,有,8360000,47662,,0.0,0,含其他增建:頂樓、遮雨棚增建夾層；其他增建；,RPROMLRJJHKGFEF38DA,141.63,17.04,12.87,無,
淡水區,房地(土地+建物)+車位,新北市淡水區新市五路二段８３號十樓,37.85,住,,,1131116,土地1建物1車位1,十層,十四層,住宅大樓(11層含以上有電梯),住家用,鋼筋混凝土造,0880525,187.26,3,2,2,有,有,8800000,46993,坡道平面,46.4,0,,RPTOMLNLJHKGFEF38DA,84.59,4.88,11.22,有,
三重區,房地(土地+建物)+車位,新北市三重區重新路五段６１１之２０號二十四樓,13.92,住,,,1131123,土地1建物1車位1,二十四層,二十五層,住宅大樓(11層含以上有電梯),住家用,鋼筋混凝土造,1121031,132.35,2,2,1,有,有,25900000,195693,坡道平面,35.48,0,,RPQNMLTJKIJGFGF68DA,58.37,3.54,4.78,有,250
永和區,房地(土地+建物)+車位,新北市永和區中正路９１號十三樓之一,12.35,商,,,1131117,土地3建物1車位1,十三層,十九層,住宅大樓(11層含以上有電梯),辦公用,鋼筋混凝土造,0900411,127.7,3,2,2,有,有,24200000,211188,坡道機械,21.16,1700000,陽台外推；,RPQNMLLMKIJGFHF28DA,60.46,2.71,16.39,有,
永和區,土地,雙和段484地號,18.06,,,,1131106,土地4建物0車位0,,,其他,,,,0.0,0,0,0,無,無,1453000,80454,,0.0,0,包含公共設施保留地用地；,RPVOMLNJJHKGFHF68DA,0.0,0.0,0.0,無,251
永和區,房地(土地+建物),新北市永和區保平路３１號七樓,17.23,商,,,1131117,土地1建物1車位0,七層,八層,華廈(10層含以下有電梯),住家用,鋼筋混凝土造,0671111,92.85,3,2,2,有,有,16680000,179645,,0.0,0,陽台外推；其他增建；,RPXNMLKLJHKGFHF68DA,84.66,0.0,8.19,有,
永和區,房地(土地+建物),新北市永和區福和路７巷１２弄６號,39.0,住,,,1131110,土地1建物1車位0,一層,三層,公寓(5樓含以下無電梯),住家用,加強磚造,0610122,70.57,3,2,1,有,無,16500000,233810,,0.0,0,其他增建；,RPWOMLOKKHKGFHF09DA,70.57,0.0,0.0,無,252
淡水區,土地,下圭柔山段276-145地號,517.33,工,,,1131101,土地3建物0車位0,,,其他,,,,0.0,0,0,0,無,無,6259733,12100,,0.0,0,,RPXNMLSKKHKGFEF66EA,0.0,0.0,0.0,無,253
淡水區,土地,下圭柔山段276-145地號,517.33,工,,,1131101,土地3建物0車位0,,,其他,,,,0.0,0,0,0,無,無,5742400,11100,,0.0,0,,RPOOMLSKKHKGFEF48EA,0.0,0.0,0.0,無,253
土城區,房地(土地+建物)+車位,新北市土城區承和街１２７號十樓,16.57,住,,,1131130,土地1建物1車位1,十層,二十層,住宅大樓(11層含以上有電梯),住家用,鋼筋混凝土造,1130131,125.56,2,1,1,有,無,20550000,220012,坡道平面,40.11,1750000,,RPPNMLLLKHKGFAF37DA,50.32,2.06,2.43,有,
泰山區,房地(土地+建物),新北市泰山區明志路二段２２５號七樓,12.27,商,,,1131118,土地1建物1車位0,七層,十六層,住宅大樓(11層含以上有電梯),住家用,鋼筋混凝土造,0840411,113.77,3,2,2,有,有,13500000,118660,,0.0,0,陽台外推；其他增建；,RPUNMLNLKIJGFBF18DA,77.49,1.68,8.13,有,
深坑區,房地(土地+建物),新北市深坑區北深路三段２０６巷１弄１５號,25.95,住,,,1131125,土地1建物1車位0,一層,四層,公寓(5樓含以下無電梯),住家用,鋼筋混凝土造,,70.9,3,2,2,有,無,9500000,133992,,0.0,0,其他增建；,RPRNMLPKKIJGFCF08DA,70.9,0.0,0.0,無,
汐止區,房地(土地+建物),新北市汐止區福德一路１１１之１１號二樓,20.74,住,,,1131117,土地1建物1車位0,二層,十四層,住宅大樓(11層含以上有電梯),住家用,鋼筋混凝土造,0970722,131.05,3,2,2,有,有,21700000,165586,,0.0,0,陽台外推；,RPXNMLTKKIJGFDF56DA,75.33,2.76,10.18,有,
汐止區,房地(土地+建物)+車位,新北市汐止區招商街１１巷１０號,18.23,住,,,1131127,土地1建物1車位1,一層,六層,華廈(10層含以下有電梯),住家用,鋼筋混凝土造,0821216,89.41,2,2,1,有,有,10200000,159024,坡道平面,35.33,1600000,其他增建；,RPVVMLKLKHKGFDF98DA,47.46,6.61,0.0,有,255
蘆洲區,房地(土地+建物),新北市蘆洲區集賢路２２４巷２１號八樓,10.74,住,,,1131120,土地1建物1車位0,八層,十二層,住宅大樓(11層含以上有電梯),住家用,鋼筋混凝土造,0850509,77.17,2,1,1,有,有,14450000,187249,,0.0,0,陽台外推；,RPSRNLOJKIJGFGF88DA,58.26,0.0,9.11,有,
鶯歌區,房地(土地+建物),新北市鶯歌區鶯桃路２６８巷５號三樓,29.79,商,,,1131120,土地2建物1車位0,三層,三層,公寓(5樓含以下無電梯),住家用,加強磚造,,65.41,3,1,1,有,無,4200000,64210,,0.0,0,,RPPSMLOKKHKGFIF88DA,65.41,0.0,0.0,無,
板橋區,房地(土地+建物),新北市板橋區信義路２０號三樓,27.0,住,,,1131110,土地1建物1車位0,三層，陽台,四層,公寓(5樓含以下無電梯),住家用,加強磚造,0640703,91.72,3,1,2,有,無,6500000,70868,,0.0,0,親友、員工、共有人或其他特殊關係間之交易；,RPSNMLTKKHKGFAF48EA,91.72,0.0,0.0,無,
淡水區,土地,頂圭柔山段番子厝小段68地號,207.07,住,,,1131113,土地1建物0車位0,,,其他,,,,0.0,0,0,0,無,無,1722500,8318,,0.0,0,農作物；,RPRNMLTKKHKGFEF78EA,0.0,0.0,0.0,無,256
淡水區,土地,頂圭柔山段番子厝小段72-1地號,4850.0,都市：其他:道路用地,,,1131113,土地1建物0車位0,,,其他,,,,0.0,0,0,0,無,無,51056000,10527,,0.0,0,農作物；,RPSNMLTKKHKGFEF88EA,0.0,0.0,0.0,無,257
三重區,房地(土地+建物)+車位,新北市三重區重新路四段１０１之８號六樓,10.21,商,,,1131112,土地2建物1車位1,六層,十四層,住宅大樓(11層含以上有電梯),住家用,鋼筋混凝土造,0931104,129.06,3,2,2,有,有,23500000,197077,坡道平面,23.01,2600000,其他增建；,RPRNMLTKKHKGFGF98EA,74.27,1.45,3.71,有,
蘆洲區,房地(土地+建物),新北市蘆洲區光明路５０巷４２號五樓,35.06,住,,,1131123,土地1建物1車位0,五層,七層,華廈(10層含以下有電梯),住家用,鋼筋混凝土造,0960115,112.33,3,2,2,有,有,21000000,186949,,0.0,0,陽台外推；其他增建；,RPVNMLTKKHKGFGF76EA,72.55,0.0,9.54,有,
蘆洲區,房地(土地+建物),新北市蘆洲區信義路１１３巷１弄７號,24.92,住,,,1131129,土地1建物1車位0,一層，平台,四層,公寓(5樓含以下無電梯),住家用,加強磚造,0641226,69.43,0,1,1,有,無,10200000,146911,,0.0,0,,RPXOMLKLKHKGFGF88EA,69.43,0.0,0.0,無,
板橋區,房地(土地+建物),新北市板橋區南雅西路二段１０號二樓,32.5,住,,,1131109,土地1建物1車位0,二層,四層,公寓(5樓含以下無電梯),住家用,鋼筋混凝土造,0630620,90.2,3,2,2,有,無,12300000,136364,,0.0,0,其他增建；,RPVPMLLMKIJGFAF28DA,78.1,0.0,12.1,無,
板橋區,房地(土地+建物),新北市板橋區華江一路６０６號十七樓,6.33,商,,,1131106,土地1建物1車位0,十七層,十八層,住宅大樓(11層含以上有電梯),辦公用,鋼筋混凝土造,1111222,54.64,0,0,0,無,有,12500000,228770,,0.0,0,夾層；其他增建；,RPTNMLOKJHKGFAF87DA,31.35,0.0,3.32,有,258
板橋區,房地(土地+建物),新北市板橋區滿平二街２巷１弄４４號三樓,24.31,住,,,1131126,土地1建物1車位0,三層,五層,公寓(5樓含以下無電梯),住家用,鋼筋混凝土造,0710413,90.2,3,2,1,有,無,9200000,101996,,0.0,0,,RPRRMLKLKHKGFAF87DA,74.9,0.0,15.3,無,259
泰山區,房地(土地+建物)+車位,新北市泰山區信華二街２１號七樓,19.63,住,,,1131124,土地1建物1車位1,七層,十四層,住宅大樓(11層含以上有電梯),住家用,鋼筋混凝土造,1130719,135.48000000000002,3,2,2,有,有,21300000,157219,坡道平面,28.73,0,,RPPOMLRKKHKGFBF08DA,64.6,0.0,5.98,有,260
汐止區,房地(土地+建物),新北市汐止區建成路１６０巷１６號３樓之１,11.2,住,,,1131102,土地1建物1車位0,三層,十四層,住宅大樓(11層含以上有電梯),住家用,鋼筋混凝土造,0851116,76.93,2,2,2,有,有,12350000,160536,,0.0,0,,RPPNMLSJKHKGFDF18DA,51.22,0.0,6.86,有,261
淡水區,房地(土地+建物)+車位,新北市淡水區沙崙路一段１２６巷７８號十樓,20.68,住,,,1131102,土地1建物1車位1,十層,十七層,住宅大樓(11層含以上有電梯),住家用,鋼筋混凝土造,1050816,144.97,2,2,2,有,有,12770000,88087,坡道平面,36.51,0,,RPROMLLKKHKGFEF97DA,67.39,4.07,3.03,有,262
中和區,房地(土地+建物),新北市中和區員山路３９４巷１２弄６號五樓,30.4,住,,,1131121,土地1建物1車位0,五層,五層,公寓(5樓含以下無電梯),住家用,鋼筋混凝土造,0751228,89.31,3,2,1,有,無,9770000,109394,,0.0,0,頂樓加蓋；,RPPOMLQKKIJGFHF58DA,79.01,0.0,10.3,無,263
中和區,房地(土地+建物),新北市中和區南山路２３６巷２２弄２３號二樓,26.24,住,,,1131121,土地1建物1車位0,二層,四層,公寓(5樓含以下無電梯),住家用,Ｒ．Ｃ造,0650616,69.66,2,1,1,有,無,11750000,168676,,0.0,0,,RPSNMLQKKHKGFHF78DA,55.56,0.0,14.1,無,264
樹林區,房地(土地+建物)+車位,新北市樹林區智街１４巷１弄１號四樓,31.94,住,,,1131129,土地1建物1車位1,四層,五層,華廈(10層含以下有電梯),住家用,鋼筋混凝土造,0880202,139.22,3,2,2,有,有,16500000,118517,坡道平面,23.37,0,,RPPPMLKKKHKGFIF18DA,81.04,0.0,14.08,有,
新店區,土地,行政段852地號,124.38,住,,,1131113,土地1建物0車位0,,,其他,,,,0.0,0,0,0,無,無,74500000,598971,,0.0,0,親友、員工、共有人或其他特殊關係間之交易；,RPUNMLLLKHKGFCF18EA,0.0,0.0,0.0,無,
蘆洲區,土地,民生段795地號,8.32,都市：其他:道路用地,,,1131101,土地1建物0車位0,,,其他,,,,0.0,0,0,0,無,無,1114280,133928,,0.0,0,包含公共設施保留地用地；,RPQOMLLLKHKGFGF28EA,0.0,0.0,0.0,無,
土城區,房地(土地+建物),新北市土城區金城路三段６０巷１號四樓,8.02,住,,,1131116,土地1建物1車位0,四層,十四層,住宅大樓(11層含以上有電梯),住家用,鋼筋混凝土造,0850831,67.53,2,2,1,有,有,11680000,172960,,0.0,0,其他增建；,RPPPMLNJJHKGFAF47DA,49.58,0.0,7.64,有,265
板橋區,房地(土地+建物)+車位,新北市板橋區南雅南路二段１０８號五樓,17.27,住,,,1131130,土地1建物1車位1,五層,十五層,住宅大樓(11層含以上有電梯),住家用,鋼筋混凝土造,1060707,156.63,3,2,2,有,有,33680000,234584,坡道機械,20.73,1800000,其他增建；,RPUTMLRKJHKGFAF88DA,77.15,7.51,8.05,有,266
新店區,房地(土地+建物)+車位,新北市新店區央北二路２０６巷１９號四樓,22.55,住,,,1131124,土地1建物1車位1,四層,十五層,住宅大樓(11層含以上有電梯),住家用,鋼筋混凝土構造,1130614,156.86,2,2,2,有,有,33800000,215479,坡道平面,26.26,0,,RPXNMLNLJHKGFCF48DA,78.22,0.0,9.85,有,267
新店區,房地(土地+建物),新北市新店區安成街２６號六樓,8.95,住,,,1131128,土地1建物1車位0,六層,十一層,住宅大樓(11層含以上有電梯),住家用,鋼筋混凝土造,0810215,56.91,1,1,1,有,有,8400000,147601,,0.0,0,,RPTNMLKLKHKGFCF87DA,44.57,0.0,5.01,有,268
淡水區,房地(土地+建物)+車位,新北市淡水區新市一路一段３３１巷６２號六樓,31.59,住,,,1131116,土地1建物1車位2,六層,十五層,住宅大樓(11層含以上有電梯),住家用,鋼筋混凝土造,1031024,195.28,3,2,2,有,有,14300000,73228,坡道平面,53.08,0,,RPWOMLLLKHKGFEF58DA,85.57,0.0,9.86,有,269
三重區,房地(土地+建物)+車位,新北市三重區集賢路１１０之３號,31.38,住,,,1131128,土地1建物1車位1,一層，二層,二十八層,住宅大樓(11層含以上有電梯),商業用,鋼骨鋼筋混凝土造,1000527,195.8,0,0,0,無,有,29000000,148110,坡道平面,39.53,0,夾層；其他增建；,RPSNMLMKKHKGFGF28DA,104.45,0.0,24.2,有,
三重區,房地(土地+建物),新北市三重區大智街８９號十樓之三,9.6,住,,,1131124,土地1建物1車位0,十層,二十層,住宅大樓(11層含以上有電梯),住家用,鋼筋混凝土造,1130809,71.0,2,1,1,有,有,15900000,223944,,0.0,0,,RPPOMLKLKHKGFGF97DA,42.66,0.0,3.61,有,
三重區,房地(土地+建物),新北市三重區重新路三段４７巷３弄３２號四樓,13.79,住,,,1131128,土地1建物1車位0,四層，陽台,四層,公寓(5樓含以下無電梯),住家用,鋼筋混凝土造,0670202,30.0,2,1,1,有,無,5200000,173333,,0.0,0,法定空地沿一樓增建陽台外推；其他增建；,RPTNMLLLKHKGFGF38DA,30.0,0.0,0.0,無,270
中和區,房地(土地+建物)+車位,新北市中和區景安路２４７巷１２號三樓,10.59,住,,,1131103,土地1建物1車位1,三層,十四層,住宅大樓(11層含以上有電梯),住家用,鋼筋混凝土造,0970710,100.78,2,2,1,有,有,17000000,227929,坡道機械,34.97,2000000,,RPWNMLRKKHKGFHF66DA,43.39,4.44,2.44,有,
永和區,房地(土地+建物),新北市永和區中和路４２１巷３弄３號十一樓,3.21,商,,,1131130,土地2建物1車位0,十一層,十五層,住宅大樓(11層含以上有電梯),住家用,鋼筋混凝土造,0850701,44.050000000000004,1,1,1,有,有,9600000,217934,,0.0,0,陽台外推；,RPPOMLSKKHKGFHF78DA,34.82,0.0,5.24,有,
鶯歌區,房地(土地+建物),新北市鶯歌區德昌街１７７巷２號,72.12,住,,,1131122,土地1建物1車位0,全,二層,透天厝,住家用,加強磚造,,96.0,5,2,3,有,無,9000000,93750,,0.0,0,頂樓加蓋；,RPOQMLPJKHKGFIF58DA,96.0,0.0,0.0,無,
板橋區,房地(土地+建物),新北市板橋區莊敬路３４號地下一層,154.38,商,,,1131130,土地1建物2車位0,地下一層,二十五層,住宅大樓(11層含以上有電梯),商業用,鋼筋混凝土造,0870416,2502.32,10,1,5,有,有,253578250,101337,,0.0,0,,RPPNMLQJKHKGFAF77EA,1976.22,0.0,0.0,有,
板橋區,房地(土地+建物),新北市板橋區民生路三段３１５號十樓之３,4.87,都市：其他:住宅區,,,1131111,土地2建物1車位0,十層,三十七層,住宅大樓(11層含以上有電梯),住家用,鋼骨鋼筋混凝土造,0950914,145.55,3,2,2,有,有,25000000,171762,,0.0,0,其他增建；,RPPNMLOLKHKGFAF77EA,95.1,0.0,14.37,有,
新店區,房地(土地+建物)+車位,新北市新店區斯馨路７１巷５５號十樓,27.48,住,,,1131102,土地1建物1車位1,十層,十四層,住宅大樓(11層含以上有電梯),住家用,鋼筋混凝土構造,1130726,154.17000000000002,3,2,2,有,有,32800000,248016,坡道平面,33.21,2800000,,RPRNMLLLJHKGFCF77EA,74.94,0.0,6.06,有,271
中和區,房地(土地+建物),新北市中和區景平路２６２號二十樓,12.2,住,,,1131110,土地1建物1車位0,二十層,二十九層,住宅大樓(11層含以上有電梯),住家用,鋼骨混凝土造,0890529,165.03,3,2,2,有,有,26000000,157547,,0.0,0,親友、員工、共有人或其他特殊關係間之交易；,RPSOMLLLKHKGFHF58EA,122.73,2.13,4.95,有,272
三峽區,房地(土地+建物)+車位,新北市三峽區學成路１３７號十樓,19.75,住,,,1131122,土地1建物1車位1,十層,十五層,住宅大樓(11層含以上有電梯),住家用,鋼筋混凝土造,0960409,166.3,3,2,2,有,有,20790000,145265,坡道平面,32.82,1400000,其他增建；,RPSNMLOLKHKGFIF88EA,85.44,1.57,9.37,有,273
五股區,房地(土地+建物),新北市五股區成泰路一段２１９之７號三樓,19.81,都市：其他:住宅區,,,1131114,土地2建物1車位0,三層,七層,華廈(10層含以下有電梯),住家用,鋼筋混凝土造,0881230,116.17999999999999,3,2,2,有,有,12800000,110174,,0.0,0,其他增建；,RPORMLOKJIJGFBF87DA,83.24,0.0,10.83,有,
深坑區,房地(土地+建物)+車位,新北市深坑區北深路二段８１巷８弄１５號,39.75,住,,,1131124,土地1建物1車位1,一層,五層,公寓(5樓含以下無電梯),住家用,鋼筋混凝土造,0791103,160.46,3,2,2,有,無,15000000,93481,坡道平面,0.0,1500000,車位面積無法概算其他增建；,RPXNMLOJKHKGFCF48DA,114.08,14.51,0.0,無,
金山區,土地,三和段90地號,1310.28,,山坡地保育區,農牧用地,1131122,土地1建物0車位0,,,其他,,,,0.0,0,0,0,無,無,4756316,3630,,0.0,0,,RPWOMLTJKIJGFDF09DA,0.0,0.0,0.0,無,
汐止區,房地(土地+建物),新北市汐止區東勢街１２３號六樓,17.3,,山坡地保育區,丙種建築用地,1131106,土地1建物1車位0,六層,八層,華廈(10層含以下有電梯),辦公用,鋼筋混凝土造,1041021,52.58,1,1,1,有,有,7300000,138836,,0.0,0,夾層；,RPWNMLPLKHKGFDF78DA,28.55,0.0,3.49,有,274
淡水區,房地(土地+建物)+車位,新北市淡水區北新路１６９巷３０號七樓,22.77,住,,,1131117,土地2建物1車位1,七層,二十二層,住宅大樓(11層含以上有電梯),住家用,鋼筋混凝土造,0851228,147.34,4,2,2,有,有,9400000,63798,坡道機械,6.97,0,,RPWNMLNKJHKGFEF48DA,96.1,0.0,10.83,有,
淡水區,房地(土地+建物),新北市淡水區大忠街１４７號三樓,27.19,住,,,1131119,土地3建物1車位0,三層,五層,公寓(5樓含以下無電梯),住家用,鋼筋混凝土造,0770525,111.28999999999999,5,0,5,有,無,5830000,52386,,0.0,0,陽台外推；,RPRNMLKLKHKGFEF87DA,95.32,0.0,7.5,無,275
蘆洲區,房地(土地+建物)+車位,新北市蘆洲區民族路４３６巷１３號五樓,24.1,住,,,1131105,土地1建物1車位1,五層,八層,華廈(10層含以下有電梯),住家用,鋼筋混凝土造,0841201,135.26,3,2,2,有,有,17000000,125684,坡道機械,0.0,0,親友、員工、共有人或其他特殊關係間之交易；,RPWOMLTKKHKGFGF86DA,90.99,3.92,9.71,有,276
永和區,房地(土地+建物)+車位,新北市永和區保福路二段１１３號七樓之三,19.71,住,,,1131129,土地1建物1車位1,七層,十八層,住宅大樓(11層含以上有電梯),住家用,鋼筋混凝土構造,1040915,221.9,4,2,2,有,有,41000000,184768,坡道平面,40.1,0,,RPRNMLLLKHKGFHF28DA,112.08,3.12,12.67,有,
永和區,房地(土地+建物)+車位,新北市永和區成功路二段４７巷３號六樓之三,14.16,住,,,1131126,土地1建物1車位1,六層,十五層,住宅大樓(11層含以上有電梯),住家用,鋼筋混凝土造,0821029,137.45000000000002,3,2,1,有,有,20500000,200110,坡道平面,46.5,2300000,陽台外推；其他增建；,RPQOMLOLKHKGFHF58DA,72.57,1.56,8.37,有,
三峽區,房地(土地+建物)+車位,新北市三峽區弘園街５８號二樓,26.63,住,,,1131116,土地2建物1車位1,二層,十三層,住宅大樓(11層含以上有電梯),住家用,鋼筋混凝土造,1080912,160.88,3,2,2,有,有,16350000,101629,坡道平面,30.36,0,,RPPNMLTKKHKGFIF88DA,82.88,0.0,7.73,有,277
三芝區,土地,埔頭段1568地號,54.21,住,,,1131121,土地2建物0車位0,,,其他,,,,0.0,0,0,0,無,無,2300000,42428,,0.0,0,親友、員工、共有人或其他特殊關係間之交易；未登記建物；,RPPOMLPLKHKGFEF38EA,0.0,0.0,0.0,無,
三芝區,土地,埔頭段1567地號,53.35,住,,,1131120,土地2建物0車位0,,,其他,,,,0.0,0,0,0,無,無,2000000,37488,,0.0,0,親友、員工、共有人或其他特殊關係間之交易；未登記建物；,RPQOMLPLKHKGFEF48EA,0.0,0.0,0.0,無,
蘆洲區,房地(土地+建物),新北市蘆洲區光榮路４８號三樓,31.59,住,,,1131124,土地1建物1車位0,三層,五層,華廈(10層含以下有電梯),住家用,鋼筋混凝土造,0950801,108.89,3,2,2,有,無,18000000,165304,,0.0,0,陽台外推；其他增建；,RPVNMLOLKHKGFGF98EA,68.81,4.36,6.61,有,
樹林區,房地(土地+建物),新北市樹林區俊英街１３３巷１３號二樓,24.0,住,,,1131117,土地2建物1車位0,二層,五層,公寓(5樓含以下無電梯),住家用,鋼筋混凝土造,0751106,91.1,3,2,1,有,無,7900000,86718,,0.0,0,其他增建；,RPPNMLPLKHKGFIF68EA,80.11,0.0,10.99,無,
新莊區,房地(土地+建物)+車位,新北市新莊區中華路二段４７號三樓之一,16.24,商,,,1131014,土地1建物1車位1,三層,十五層,住宅大樓(11層含以上有電梯),住家用,鋼筋混凝土造,0970620,207.34,4,2,2,有,有,31080000,156277,坡道平面,23.18,2300000,陽台外推；,RPVVMLTJJHKGFBF76DA,124.26,2.31,10.95,有,
新莊區,房地(土地+建物),新北市新莊區自強街２６巷４弄９號四樓,22.56,住,,,1131023,土地1建物1車位0,四層，陽台,四層,公寓(5樓含以下無電梯),住家用,加強磚造,0641128,67.5,2,1,1,有,無,3500000,51852,,0.0,0,親友、員工、共有人或其他特殊關係間之交易；陽台外推；頂樓加蓋；,RPPNMLKLKHKGFBF37DA,67.5,0.0,0.0,無,278
新店區,房地(土地+建物)+車位,新北市新店區頂城一街１巷８號,445.13,,山坡地保育區,丙種建築用地,1131028,土地1建物1車位1,全,四層,透天厝,住家用,鋼筋混凝土造,0950612,347.76000000000005,4,2,3,有,有,32000000,92017,一樓平面,0.0,0,親友、員工、共有人或其他特殊關係間之交易；,RPTNMLTKKHKGFCF68DA,320.91,0.0,24.38,有,
汐止區,房地(土地+建物)+車位,新北市汐止區新興路８１之２號十樓,17.91,住,,,1131019,土地1建物1車位1,十層,二十一層,住宅大樓(11層含以上有電梯),住家用,鋼筋混凝土構造,1130112,129.75,2,2,1,有,有,24870000,223155,坡道平面,30.85,2800000,,RPROMLQJKIJGFDF28DA,59.14,1.38,5.34,有,
汐止區,房地(土地+建物)+車位,新北市汐止區新台五路一段９９號三十五樓,34.75,工,,,1131023,土地2建物1車位3,三十五層,三十五層,住宅大樓(11層含以上有電梯),工業用,鋼骨構造,1031013,573.03,0,0,0,無,有,62770000,121001,坡道平面,111.3,6900000,房地價款新台幣伍仟伍佰捌拾柒萬元整房屋款新台幣參仟柒佰玖拾玖萬壹仟陸佰元整含營業稅；土地款新台幣壹仟柒佰捌拾柒萬捌仟肆佰元整車位價款新台幣陸佰玖拾萬元整房屋款新台幣肆佰陸拾玖萬貳仟元整含營業稅；土地款新台幣貳佰貳拾萬捌仟元整,RPRNMLKMKIJGFDF87DA,281.67,0.0,4.52,有,279
汐止區,房地(土地+建物)+車位,新北市汐止區新台五路一段９９號三十五樓之１,24.64,工,,,1131023,土地2建物1車位2,三十五層,三十五層,住宅大樓(11層含以上有電梯),工業用,鋼骨構造,1031013,402.03,0,0,0,無,有,44260000,120977,坡道平面,74.2,4600000,房地價款新台幣參仟玖佰陸拾陸萬元整房屋款新台幣貳仟陸佰玖拾陸萬捌仟捌佰元整含營業稅；土地款新台幣壹仟貳佰陸拾玖萬壹仟貳佰元整車位價款新台幣肆佰陸拾萬元整房屋款新台幣參佰壹拾貳萬捌仟元整含營業稅；土地款新台幣壹佰肆拾柒萬貳仟元整,SPRNMLKMKIJGFDF97DA,200.21,0.0,3.14,有,280
汐止區,房地(土地+建物)+車位,新北市汐止區新台五路一段９９號三十五樓之２,24.18,工,,,1131023,土地2建物1車位2,三十五層,三十五層,住宅大樓(11層含以上有電梯),工業用,鋼骨構造,1031013,392.58,0,0,0,無,有,43120000,120987,坡道平面,74.2,4600000,房地價款新台幣參仟捌佰伍拾貳萬元整房屋款新台幣貳仟陸佰壹拾玖萬參仟陸佰元整含營業稅；土地款新台幣壹仟貳佰參拾貳萬陸仟肆佰元整車位價款新台幣肆佰陸拾萬元整房屋款新台幣參佰壹拾貳萬捌仟元整含營業稅；土地款新台幣壹佰肆拾柒萬貳仟元整,TPRNMLKMKIJGFDF08DA,196.44,0.0,0.0,有,281
汐止區,房地(土地+建物)+車位,新北市汐止區新台五路一段９９號三十五樓之３,23.73,工,,,1131023,土地2建物1車位1,三十五層,三十五層,住宅大樓(11層含以上有電梯),工業用,鋼骨構造,1031013,351.41999999999996,0,0,0,無,有,40330000,120991,坡道平面,37.1,2300000,房地價款新台幣參仟捌佰零參萬元整房屋款新台幣貳仟伍佰捌拾陸萬零肆佰元整含營業稅；土地款新台幣壹仟貳佰壹拾陸萬玖仟陸佰元整車位價款新台幣貳佰參拾萬元整房屋款新台幣壹佰伍拾陸萬肆仟元整含營業稅；土地款新台幣柒拾參萬陸仟元整,UPRNMLKMKIJGFDF18DA,194.07,0.0,0.0,有,282
汐止區,房地(土地+建物)+車位,新北市汐止區新台五路一段９９號三十五樓之５,24.49,工,,,1131023,土地2建物1車位1,三十五層,三十五層,住宅大樓(11層含以上有電梯),工業用,鋼骨構造,1031013,364.93,0,0,0,無,有,41960000,120977,坡道平面,37.1,2300000,房地價款新台幣參仟玖佰陸拾陸萬元整房屋款新台幣貳仟陸佰玖拾陸萬捌仟捌佰元整含營業稅；土地款新台幣壹仟貳佰陸拾玖萬壹仟貳佰元整車位價款新台幣貳佰參拾萬元整房屋款新台幣壹佰伍拾陸萬肆仟元整含營業稅；土地款新台幣柒拾參萬陸仟元整,VPRNMLKMKIJGFDF28DA,200.21,0.0,3.14,有,283
汐止區,房地(土地+建物)+車位,新北市汐止區新台五路一段９９號三十五樓之６,34.9,工,,,1131023,土地2建物1車位3,三十五層,三十五層,住宅大樓(11層含以上有電梯),工業用,鋼骨構造,1031013,574.45,0,0,0,無,有,62930000,120976,坡道平面,111.3,6900000,房地價款新台幣伍仟陸佰零參萬元整房屋款新台幣參仟捌佰壹拾萬零肆佰元整含營業稅；土地款新台幣壹仟柒佰玖拾貳萬玖仟陸佰元整車位價款新台幣陸佰玖拾萬元整房屋款新台幣肆佰陸拾玖萬貳仟元整含營業稅；土地款新台幣貳佰貳拾萬捌仟元整,WPRNMLKMKIJGFDF38DA,282.59,0.0,4.52,有,284
汐止區,房地(土地+建物)+車位,新北市汐止區新台五路一段９９號三十五樓之７,34.59,工,,,1131023,土地2建物1車位2,三十五層,三十五層,住宅大樓(11層含以上有電梯),工業用,鋼骨構造,1031013,533.66,0,0,0,無,有,60180000,120968,坡道平面,74.2,4600000,房地價款新台幣伍仟伍佰伍拾捌萬元整房屋款新台幣參仟柒佰柒拾玖萬肆仟肆佰元整含營業稅；土地款新台幣壹仟柒佰柒拾捌萬伍仟陸佰元整車位價款新台幣肆佰陸拾萬元整房屋款新台幣參佰壹拾貳萬捌仟元整含營業稅；土地款新台幣壹佰肆拾柒萬貳仟元整,XPRNMLKMKIJGFDF48DA,280.42,0.0,4.52,有,285
汐止區,房地(土地+建物)+車位,新北市汐止區新台五路一段９９號三十五樓之８,24.49,工,,,1131023,土地2建物1車位1,三十五層,三十五層,住宅大樓(11層含以上有電梯),工業用,鋼骨構造,1031013,364.93,0,0,0,無,有,41960000,120977,坡道平面,37.1,2300000,房地價款新台幣參仟玖佰陸拾陸萬元整房屋款新台幣貳仟陸佰玖拾陸萬捌仟捌佰元整含營業稅；土地款新台幣壹仟貳佰陸拾玖萬壹仟貳佰元整車位價款新台幣貳佰參拾萬元整房屋款新台幣壹佰伍拾陸萬肆仟元整含營業稅；土地款新台幣柒拾參萬陸仟元整,YPRNMLKMKIJGFDF58DA,200.21,0.0,3.14,有,286
汐止區,房地(土地+建物)+車位,新北市汐止區新台五路一段９９號三十五樓之９,23.73,工,,,1131023,土地2建物1車位1,三十五層,三十五層,住宅大樓(11層含以上有電梯),工業用,鋼骨構造,1031013,351.41999999999996,0,0,0,無,有,40330000,120991,坡道平面,37.1,2300000,房地價款新台幣參仟捌佰零參萬元整房屋款新台幣貳仟伍佰捌拾陸萬零肆佰元整含營業稅；土地款新台幣壹仟貳佰壹拾陸萬玖仟陸佰元整車位價款新台幣貳佰參拾萬元整房屋款新台幣壹佰伍拾陸萬肆仟元整含營業稅；土地款新台幣柒拾參萬陸仟元整,ZPRNMLKMKIJGFDF68DA,194.07,0.0,0.0,有,287
汐止區,房地(土地+建物)+車位,新北市汐止區新台五路一段９９號三十五樓之１０,24.03,工,,,1131023,土地2建物1車位1,三十五層,三十五層,住宅大樓(11層含以上有電梯),工業用,鋼骨構造,1031013,355.48,0,0,0,無,有,40820000,120987,坡道平面,37.1,2300000,房地價款新台幣參仟捌佰伍拾貳萬元整房屋款新台幣貳仟陸佰壹拾玖萬參仟陸佰元整含營業稅；土地款新台幣壹仟貳佰參拾貳萬陸仟肆佰元整車位價款新台幣貳佰參拾萬元整房屋款新台幣壹佰伍拾陸萬肆仟元整含營業稅；土地款新台幣柒拾參萬陸仟元整,QQRNMLKMKIJGFDF87DA,196.44,0.0,0.0,有,288
汐止區,房地(土地+建物)+車位,新北市汐止區新台五路一段９９號三十五樓之１１,24.49,工,,,1131023,土地2建物1車位1,三十五層,三十五層,住宅大樓(11層含以上有電梯),工業用,鋼骨構造,1031013,364.93,0,0,0,無,有,41960000,120977,坡道平面,37.1,2300000,房地價款新台幣參仟玖佰陸拾陸萬元整房屋款新台幣貳仟陸佰玖拾陸萬捌仟捌佰元整含營業稅；土地款新台幣壹仟貳佰陸拾玖萬壹仟貳佰元整車位價款新台幣貳佰參拾萬元整房屋款新台幣壹佰伍拾陸萬肆仟元整含營業稅；土地款新台幣柒拾參萬陸仟元整,RQRNMLKMKIJGFDF97DA,200.21,0.0,3.14,有,289
汐止區,房地(土地+建物)+車位,新北市汐止區新台五路一段９９號三十五樓之１２,32.6,工,,,1131023,土地2建物1車位2,三十五層,三十五層,住宅大樓(11層含以上有電梯),工業用,鋼骨構造,1031013,507.71,0,0,0,無,有,57060000,121012,坡道平面,74.2,4600000,房地價款新台幣伍仟貳佰肆拾陸萬元整房屋款新台幣參仟伍佰陸拾柒萬貳仟捌佰元整含營業稅；土地款新台幣壹仟陸佰柒拾捌萬柒仟貳佰元整車位價款新台幣肆佰陸拾萬元整房屋款新台幣參佰壹拾貳萬捌仟元整含營業稅；土地款新台幣壹佰肆拾柒萬貳仟元整,SQRNMLKMKIJGFDF08DA,264.49,0.0,4.52,有,290
汐止區,房地(土地+建物),新北市汐止區樟樹二路２８３號６樓,10.7,住,,,1131020,土地2建物1車位0,六層,十七層,住宅大樓(11層含以上有電梯),住家用,鋼筋混凝土造,0850123,84.18,2,2,1,有,有,13000000,154431,,0.0,0,其他增建；,RPRRMLSKKHKGFDF88DA,60.01,0.0,7.1,有,291
永和區,房地(土地+建物),新北市永和區中正路４６５巷２２號三樓,19.69,住,,,1131004,土地1建物1車位0,三層,六層,華廈(10層含以下有電梯),住家用,鋼筋混凝土造,0850824,92.62,2,2,1,有,無,15900000,171669,,0.0,0,陽台外推；其他增建；,RPUNMLKKJHKGFHF28DA,58.48,0.0,7.89,有,292
板橋區,房地(土地+建物),新北市板橋區重慶路２４５巷５０弄５１之１號四樓,65.08,住,,,1131011,土地2建物1車位0,四層,四層,公寓(5樓含以下無電梯),住家用,鋼筋混凝土造,0650720,145.6,4,2,2,有,無,14700000,100962,,0.0,0,陽台外推；頂樓加蓋；其他增建；,RPQNMLRKKHKGFAF08EA,119.64,0.0,25.96,無,
板橋區,房地(土地+建物)+車位,新北市板橋區縣民大道一段９號十二樓,18.09,住,,,1131006,土地1建物1車位1,十二層,二十六層,住宅大樓(11層含以上有電梯),住家用,鋼骨鋼筋混凝土造,1121201,181.74,3,2,2,有,有,32100000,204924,坡道平面,38.76,2800000,,RPPPMLOLKIJGFAF87DA,85.53,2.36,9.51,有,
新店區,房地(土地+建物),新北市新店區秀岡三街１２巷６號,505.91,住,,,1131026,土地1建物1車位0,全,三層,透天厝,住家用,鋼筋混凝土造,0881029,280.35,4,3,4,有,有,33400000,119137,,0.0,0,其他增建；,RPXNNLRKJHKGFCF88DA,255.74,0.0,24.61,無,
汐止區,房地(土地+建物),新北市汐止區福德二路１５６巷３６號９樓,17.1,住,,,1131029,土地1建物1車位0,九層,十一層,住宅大樓(11層含以上有電梯),住家用,鋼筋混凝土造,0850116,101.31,4,3,2,有,有,16850000,166321,,0.0,0,陽台外推；夾層；,RPQSMLSKKHKGFDF88DA,67.62,1.0,7.73,有,
淡水區,房地(土地+建物)+車位,新北市淡水區淡金路３８巷９０號十樓,26.63,住,,,1131020,土地1建物1車位1,十層,十一層,住宅大樓(11層含以上有電梯),住家用,鋼筋混凝土造,0980821,163.02,3,2,2,有,有,17000000,104282,坡道平面,26.96,0,,RPVNMLSJJHKGFEF78DA,85.36,3.17,9.23,有,
淡水區,房地(土地+建物),新北市淡水區新民街一段１６７號,32.46,住,,,1131017,土地1建物1車位0,一層，騎樓，地下層,七層,公寓(5樓含以下無電梯),商業用,鋼筋混凝土造,0830128,178.99,3,2,2,有,無,13880000,77546,,0.0,0,其他增建；,RPWNMLKLKHKGFEF38DA,139.14,2.95,0.0,無,293
中和區,房地(土地+建物)+車位,新北市中和區中山路二段３２７巷９號,278.6,工,,,1131016,土地1建物1車位5,一層，騎樓，夾層,五層,華廈(10層含以下有電梯),工業用,鋼筋混凝土造,0780404,1401.0,0,0,0,無,有,235096700,167806,坡道平面,0.0,0,工業區廠辦其他；,RPTNMLKLJHKGFHF28DA,944.03,106.58,67.15,有,
三峽區,房地(土地+建物),新北市三峽區長泰街４７號四樓,20.79,住,,,1131024,土地1建物1車位0,四層,七層,華廈(10層含以下有電梯),住家用,鋼筋混凝土造,0831012,119.99000000000001,3,2,2,有,有,10750000,89591,,0.0,0,,RPQNMLPJJIJGFIF38DA,85.4,1.33,10.17,有,
林口區,土地,建林段838地號,2386.29,住,,,1131011,土地1建物0車位0,,,其他,,,,0.0,0,0,0,無,無,447547000,187549,,0.0,0,,RPSNMLOKKHKGFBF08EA,0.0,0.0,0.0,無,294
新莊區,房地(土地+建物)+車位,新北市新莊區新樹路６２９號十五樓,22.88,商,,,1131010,土地1建物1車位1,十五層,十五層,住宅大樓(11層含以上有電梯),辦公用,鋼筋混凝土造,0970424,170.87,4,2,2,有,有,19120000,111898,坡道平面,41.39,0,陽台外推；,RPQPMLNLJHKGFBF87DA,77.24,1.51,19.09,有,
新莊區,房地(土地+建物)+車位,新北市新莊區中港路１６１巷２號二樓,47.29,住,,,1131012,土地1建物2車位1,二層,七層,華廈(10層含以下有電梯),住家用,鋼筋混凝土造,0871111,277.17,5,3,4,有,有,9000000,32471,坡道平面,41.56,0,2樓3房、1廳、2衛，3樓2房、2廳、2衛，有內梯親友、員工、共有人或其他特殊關係間之交易；,RPUNMLLLKHKGFBF97DA,150.14,0.0,32.3,有,
淡水區,房地(土地+建物)+車位,新北市淡水區淡金路一段５２３號十五樓,23.54,住,,,1131020,土地1建物1車位1,十五層,十五層,住宅大樓(11層含以上有電梯),住家用,鋼筋混凝土造,0971008,160.88,3,2,2,有,有,13100000,81427,坡道平面,31.52,0,,RPOOMLRJKHKGFEF18DA,79.68,1.09,12.81,有,295
鶯歌區,房地(土地+建物)+車位,新北市鶯歌區鶯歌路１０２之１號十三樓,21.4,住,,,1131028,土地1建物1車位1,十三層,十四層,住宅大樓(11層含以上有電梯),住家用,鋼筋混凝土造,1080604,138.44,2,2,1,有,有,12800000,121370,坡道平面,46.16,1600000,,RPQOMLLLKHKGFIF38DA,57.01,0.0,5.96,有,296
新莊區,房地(土地+建物)+車位,新北市新莊區八德街１５８巷１５號,34.1,住,,,1131011,土地1建物1車位1,一層,七層,華廈(10層含以下有電梯),住家用,鋼筋混凝土造,0830913,132.14999999999998,2,2,2,有,有,15380000,116383,坡道平面,0.0,1800000,其他增建；,RPRPMLOLKIJGFBF18DA,70.07,14.53,0.0,有,
泰山區,房地(土地+建物)+車位,新北市泰山區信華六街１９號十一樓,19.59,住,,,1131021,土地2建物1車位1,十一層,十九層,住宅大樓(11層含以上有電梯),住家用,鋼筋混凝土造,1020503,133.91,2,2,1,有,有,20000000,149354,坡道平面,35.06,0,,RPORMLLKKHKGFBF67DA,60.76,1.26,2.89,有,297
林口區,房地(土地+建物)+車位,新北市林口區文化二路一段２０巷２５弄１９號六樓之一,7.21,住,,,1131030,土地1建物1車位1,六層,十層,華廈(10層含以下有電梯),住家用,鋼筋混凝土造,0840419,58.22,1,1,1,有,有,7750000,133116,坡道平面,0.0,0,夾層；,RPQQMLOLKHKGFBF18DA,25.45,0.0,3.58,有,298
汐止區,房地(土地+建物)+車位,新北市汐止區新興路８１之１號十二樓,23.98,住,,,1131019,土地1建物1車位1,十二層,二十一層,住宅大樓(11層含以上有電梯),住家用,鋼筋混凝土構造,1130112,162.27999999999997,3,2,2,有,有,32780000,225824,坡道平面,30.85,3100000,,RPXNMLTLJIJGFDF56DA,79.82,2.73,5.27,有,
蘆洲區,房地(土地+建物)+車位,新北市蘆洲區中正路５９號八樓,12.99,商,,,1131020,土地2建物1車位1,八層,十五層,住宅大樓(11層含以上有電梯),住家用,鋼筋混凝土造,1050726,159.28,3,2,2,有,有,29980000,188222,坡道平面,31.05,0,,RPTOMLRKJHKGFGF88DA,75.94,0.0,9.92,有,299
三重區,建物,新北市三重區吉祥街６１號七樓,0.0,,,,1131005,土地0建物1車位1,七層,十層,華廈(10層含以下有電梯),住家用,鋼筋混凝土造,1101013,104.28,2,0,2,有,有,16640000,160800,升降機械,8.26,1200000,建物基地座落:新北市三重區富貴段301.302地號；建物坐落地號：富貴段301地號；地上權房屋；,RPWNMLNLJHKGFGF78DA,53.78,0.0,6.44,有,
永和區,房地(土地+建物)+車位,新北市永和區永平路３７０號十八樓,13.87,住,,,1131026,土地1建物1車位1,十八層,二十九層,住宅大樓(11層含以上有電梯),住家用,鋼骨鋼筋混凝土構造,1090427,178.86,3,2,2,有,有,40000000,262091,坡道平面,35.78,2500000,本案總價新台幣4000萬元整，買賣雙方同意拆算價格如下：土地價格為新台幣2625萬元整、建物價格為新台幣1125萬元整，車位買賣總價新台幣250萬元整。車位土地買賣總價為新台幣175萬元整，建物買賣總價為新台幣75萬元整。,RPVOMLOLKHKGFHF09DA,90.84,0.0,9.36,有,
土城區,房地(土地+建物),新北市土城區裕民路２１４巷２６弄６號四樓之一,10.48,住,,,1131011,土地1建物1車位0,四層,十三層,住宅大樓(11層含以上有電梯),住家用,鋼筋混凝土造,0840627,70.49,2,1,1,有,有,9500000,134771,,0.0,0,,RPQNMLOLKHKGFAF87EA,59.64,0.0,2.37,有,
板橋區,房地(土地+建物)+車位,新北市板橋區五權街３０巷３７弄２之１６號九樓,16.0,住,,,1131030,土地1建物1車位1,九層,十五層,住宅大樓(11層含以上有電梯),住家用,鋼筋混凝土造,0970125,146.44,3,2,2,有,有,23380000,191307,坡道機械,34.16,1900000,,RPSNMLLKKHKGFAF57DA,73.23,2.73,2.79,有,
三重區,房地(土地+建物),新北市三重區忠孝路三段９９巷２３弄４號四樓,23.52,都市：其他:道路用地,,,1131007,土地3建物1車位0,四層,五層,公寓(5樓含以下無電梯),住家用,鋼筋混凝土造,0810326,84.77000000000001,3,1,1,有,無,9500000,112068,,0.0,0,980、981-1地號為公設保留地包含公共設施保留地用地；,RPTNMLPLKHKGFGF78DA,73.65,0.44,8.09,無,
永和區,房地(土地+建物)+車位,新北市永和區環河東路一段８２號六樓,9.54,住,,,1131013,土地1建物1車位1,六層,十二層,住宅大樓(11層含以上有電梯),住家用,鋼筋混凝土造,0890110,92.27000000000001,2,2,1,有,有,16400000,196819,升降機械,18.09,1800000,陽台外推；其他增建；,RPOPMLOKKHKGFHF38DA,49.76,0.0,8.49,有,
新莊區,房地(土地+建物),新北市新莊區幸福路６２４號三樓,25.61,住,,,1131008,土地2建物1車位0,三層,十層,華廈(10層含以下有電梯),住家用,鋼筋混凝土造,0780728,141.75,4,2,2,有,有,18000000,126984,,0.0,0,親友、員工、共有人或其他特殊關係間之交易；,RPRNMLOLKHKGFBF08EA,100.29,21.61,17.1,有,
板橋區,車位,新北市板橋區民族路９８之３號二樓等,0.96,商,,,1130904,土地1建物1車位1,,,其他,,,,30.51,0,0,0,無,有,2400000,,坡道平面,30.51,2400000,僅車位交易；,RPOOMLNLJHKGFAF47DA,0.0,0.0,0.0,有,300
林口區,土地,力行段80地號,661.22,商,,,1130910,土地1建物0車位0,,,其他,,,,0.0,0,0,0,無,無,400040000,605003,,0.0,0,,RPVOMLSKKHKGFBF78DA,0.0,0.0,0.0,無,301
深坑區,房地(土地+建物),新北市深坑區松柏街１７號,35.99,,一般農業區,甲種建築用地,1130920,土地1建物1車位0,一層,十三層,住宅大樓(11層含以上有電梯),住家用,鋼筋混凝土造,0960601,108.81,3,2,2,有,有,12650000,116268,,0.0,0,,RPRNMLSKKHKGFCF48EA,80.04,3.16,7.86,有,
新店區,房地(土地+建物),新北市新店區永安街１０９巷４６號八樓之三,14.09,住,,,1130929,土地2建物1車位0,八層,十三層,住宅大樓(11層含以上有電梯),住家用,鋼筋混凝土造,0851017,67.72,2,2,1,有,有,10700000,158004,,0.0,0,其他增建；,RPVOMLKLJHKGFCF08DA,45.58,1.23,5.42,有,302
蘆洲區,房地(土地+建物),新北市蘆洲區中正路２９９巷５號,31.72,住,,,1130904,土地2建物1車位0,一層，平台,四層,公寓(5樓含以下無電梯),住家用,鋼筋混凝土造,0690530,92.0,0,0,1,有,無,15800000,171739,,0.0,0,親友、員工、共有人或其他特殊關係間之交易；,RPQNMLKLKHKGFGF97DA,92.0,0.0,0.0,無,
新莊區,土地,新工段二小段50地號,83.0,,工業區,丁種建築用地,1130918,土地1建物0車位0,,,其他,,,,0.0,0,0,0,無,無,25630000,308795,,0.0,0,未登記建物；,RPQPMLNKKHKGFBF87DA,0.0,0.0,0.0,無,
新莊區,土地,新工段二小段51-4地號,136.98,,工業區,丁種建築用地,1130918,土地1建物0車位0,,,其他,,,,0.0,0,0,0,無,無,40370000,294715,,0.0,0,未登記建物；,SPQPMLNKKHKGFBF97DA,0.0,0.0,0.0,無,
林口區,房地(土地+建物)+車位,新北市林口區惠民街３８巷３２號九樓,50.19,住,,,1130917,土地1建物1車位2,九層,十一層,住宅大樓(11層含以上有電梯),住家用,鋼筋混凝土造,1130807,186.69,3,2,2,有,有,22600000,147451,坡道平面,62.92,4350000,1.本案係因合購終止、及貸款等事由，所為之處分。2.總價：2260萬元土地930萬元+房屋895萬元+車位435萬元3.因登記面積差異，賣方付給買方14613元整。親友、員工、共有人或其他特殊關係間之交易；,RPUPMLRKKHKGFBF68DA,73.96,0.0,7.84,有,303
三重區,房地(土地+建物),新北市三重區貴陽街３１號,22.12,住,,,1130919,土地4建物1車位0,一層，騎樓,五層,公寓(5樓含以下無電梯),住家用,鋼筋混凝土造,0700625,81.0,3,2,2,有,無,10000000,123457,,0.0,0,,RPTNMLTKKHKGFGF09DA,75.0,6.0,0.0,無,
蘆洲區,房地(土地+建物)+車位,新北市蘆洲區永康街２巷２９號二樓,30.31,住,,,1130919,土地1建物1車位1,二層,六層,華廈(10層含以下有電梯),住家用,鋼筋混凝土造,0870724,147.6,3,2,2,有,有,17000000,144158,坡道平面,42.16,1800000,陽台外推；,RPTOMLKLKHKGFGF38DA,77.87,0.0,10.52,有,
中和區,房地(土地+建物),新北市中和區中興街１３２巷５號,29.47,住,,,1130913,土地1建物1車位0,一層，停車場,五層,公寓(5樓含以下無電梯),住家用,鋼筋混凝土造,0761203,95.99,3,2,2,有,無,15700000,163559,,0.0,0,地下室、後陽台、廚房、衛浴增建陽台外推；其他增建；,RPVSMLMLJHKGFHF56DA,87.44,0.0,0.0,無,
板橋區,房地(土地+建物)+車位,新北市板橋區華江一路６１０號四樓,14.95,商,,,1130914,土地1建物1車位1,四層,十八層,住宅大樓(11層含以上有電梯),辦公用,鋼筋混凝土造,1111222,166.5,1,0,0,有,有,26100000,184779,坡道平面,38.78,2500000,,RPTQMLQKJHKGFAF38DA,73.36,0.0,7.82,有,
三重區,房地(土地+建物),新北市三重區仁愛街１２５巷７１號六樓,15.36,住,,,1130911,土地2建物1車位0,六層,六層,華廈(10層含以下有電梯),住家用,鋼筋混凝土造,1131121,56.120000000000005,1,0,1,有,無,11000000,196009,,0.0,0,,RPSOMLQJJHKGFGF58DA,30.11,0.0,3.45,有,
金山區,土地,文化段65地號,690.44,農,,,1130924,土地1建物0車位0,,,其他,,,,0.0,0,0,0,無,無,3600000,5214,,0.0,0,未登記建物；地清或未辦繼承標售；,RPRNMLRLKHKGFDF58EA,0.0,0.0,0.0,無,
中和區,房地(土地+建物)+車位,新北市中和區中山路二段３２７巷７號,215.23,工,,,1130812,土地1建物1車位6,一層，騎樓，夾層,五層,華廈(10層含以下有電梯),工業用,鋼筋混凝土造,0780404,970.69,0,0,0,無,有,162903300,167822,坡道平面,0.0,0,工業區廠辦其他；,RPSNMLKLJHKGFHF18DA,722.34,14.77,14.77,有,
淡水區,房地(土地+建物)+車位,新北市淡水區義山路一段４０１巷８０號九樓,14.66,住,,,1130805,土地1建物1車位1,九層,十五層,住宅大樓(11層含以上有電梯),住家用,鋼筋混凝土造,1131105,125.53999999999999,2,2,2,有,有,11930000,105835,坡道平面,28.88,1700000,預售屋、或土地及建物分件登記案件；,RPOOMLRKKHKGFEF28DA,59.27,0.0,4.62,有,
新店區,房地(土地+建物),新北市新店區北新路一段６４巷１４號五樓,30.3,住,,,1130819,土地1建物1車位0,五層,五層,公寓(5樓含以下無電梯),住家用,鋼筋混凝土造,0671228,81.62,3,2,2,有,無,16600000,203382,,0.0,0,增建部分:其他-五樓部分增建其他增建；,RPOPMLKLJHKGFCF47DA,73.02,0.0,8.6,無,
新店區,房地(土地+建物),新北市新店區中央八街８２號三樓,31.65,住,,,1130820,土地1建物1車位0,三層,十層,華廈(10層含以下有電梯),住家用,鋼筋混凝土構造,1130704,152.31,3,2,2,有,有,37500000,246208,,0.0,0,預售屋、或土地及建物分件登記案件；,RPTNMLQLKHKGFCF48DA,87.5,0.0,9.54,有,
樹林區,房地(土地+建物)+車位,新北市樹林區柑園街一段３６５巷２１之２號八樓,19.68,,一般農業區,甲種建築用地,1130820,土地1建物1車位1,八層,九層,華廈(10層含以下有電梯),住家用,鋼筋混凝土造,1131107,104.59,2,2,1,有,有,10750000,130279,坡道平面,34.74,1650000,預售屋、或土地及建物分件登記案件；,RPUOMLLLKHKGFIF78DA,41.8,0.0,4.28,有,
新店區,房地(土地+建物),新北市新店區達觀路１４巷７之３號,33.23,,山坡地保育區,丙種建築用地,1130721,土地2建物1車位0,一層,十七層,住宅大樓(11層含以上有電梯),住家用,鋼筋混凝土造,0850710,77.21000000000001,3,0,2,有,有,5100000,66054,,0.0,0,,RPUNMLOKKHKGFCF28DA,53.72,0.0,8.2,有,
土城區,房地(土地+建物)+車位,新北市土城區中央路四段２７９巷６號四樓之２,17.24,住,,,1130707,土地1建物1車位1,四層,十五層,住宅大樓(11層含以上有電梯),住家用,鋼筋混凝土造,0950817,160.55,3,2,2,有,有,19800000,140945,坡道平面,34.26,2000000,陽台外推；,RPSOMLKMKIJGFAF77DA,77.84,0.8,17.75,有,
三重區,房地(土地+建物),新北市三重區仁愛街１２５巷７１號五樓,15.36,住,,,1130728,土地2建物1車位0,五層,六層,華廈(10層含以下有電梯),住家用,鋼筋混凝土造,1131121,56.120000000000005,0,0,1,有,無,10500000,187099,,0.0,0,,RPROMLQJJHKGFGF48DA,30.11,0.0,3.45,有,
新店區,房地(土地+建物),新北市新店區中央八街８２號十樓,31.65,住,,,1130606,土地1建物1車位0,十層,十層,華廈(10層含以下有電梯),住家用,鋼筋混凝土構造,1130704,152.31,3,2,2,有,有,38880000,255269,,0.0,0,預售屋、或土地及建物分件登記案件；,RPUNMLQLKHKGFCF58DA,87.5,0.0,9.54,有,
永和區,房地(土地+建物),新北市永和區中正路１５１巷５弄１０號五樓,31.98,住,,,1130615,土地2建物1車位0,五層,五層,公寓(5樓含以下無電梯),住家用,鋼筋混凝土造,0730706,97.46,4,2,3,有,無,17800000,182639,,0.0,0,頂樓加蓋；,RPVNMLOLKHKGFHF09EA,88.66,0.0,8.8,無,
板橋區,房地(土地+建物)+車位,新北市板橋區華江三路２５９號四樓,6.41,商,,,1130512,土地1建物1車位1,四層,十五層,住宅大樓(11層含以上有電梯),辦公用,鋼筋混凝土造,1140107,86.80000000000001,0,0,0,無,有,12940000,173855,坡道平面,26.75,2500000,預售屋、或土地及建物分件登記案件；,RPWNMLQJJHKGFAF28DA,36.43,0.0,2.6,有,
板橋區,房地(土地+建物)+車位,新北市板橋區華江三路２７３號二樓,6.41,商,,,1130526,土地1建物1車位1,二層,十五層,住宅大樓(11層含以上有電梯),辦公用,鋼筋混凝土造,1140107,89.37,0,0,0,無,有,12820000,170343,坡道平面,29.08,2550000,預售屋、或土地及建物分件登記案件；,RPVQMLPKJHKGFAF48DA,32.44,0.0,6.74,有,
汐止區,房地(土地+建物)+車位,新北市汐止區東勢街２０１巷６號三樓之１,38.96,,山坡地保育區,丙種建築用地,1130509,土地1建物1車位1,三層,六層,華廈(10層含以下有電梯),住家用,鋼筋混凝土構造,1070309,137.73,2,1,1,有,有,13980000,101503,坡道平面,39.49,0,,RPPOMLNKKHKGFDF87DA,56.22,4.02,4.5,有,304
蘆洲區,車位,新北市蘆洲區永康街２巷２５號等共同使用,10.4,住,,,1130523,土地1建物1車位1,,,其他,,,,42.16,0,0,0,無,有,1800000,,坡道平面,42.16,1800000,親友、員工、共有人或其他特殊關係間之交易；僅車位交易；,RPSNMLKLKHKGFGF18DA,0.0,0.0,0.0,有,
淡水區,房地(土地+建物)+車位,新北市淡水區義山路一段４０１巷７６號七樓,19.65,住,,,1130513,土地1建物1車位1,七層,十五層,住宅大樓(11層含以上有電梯),住家用,鋼筋混凝土造,1131105,160.61,3,2,2,有,有,13660000,93173,坡道平面,30.1,1500000,預售屋、或土地及建物分件登記案件；,RPWNMLRKKHKGFEF98DA,79.03,0.0,7.26,有,
淡水區,房地(土地+建物)+車位,新北市淡水區義山路一段４０１巷７８號十二樓,14.66,住,,,1130513,土地1建物1車位1,十二層,十五層,住宅大樓(11層含以上有電梯),住家用,鋼筋混凝土造,1131105,125.53999999999999,2,2,2,有,有,11300000,100352,坡道平面,28.88,1600000,預售屋、或土地及建物分件登記案件；,RPXNMLRKKHKGFEF09DA,59.27,0.0,4.62,有,
淡水區,土地,坪頂段1283地號,114.07,,山坡地保育區,農牧用地,1130503,土地4建物0車位0,,,其他,,,,0.0,0,0,0,無,無,400000,3507,,0.0,0,,RPQNMLPLKHKGFEF38EA,0.0,0.0,0.0,無,
新店區,房地(土地+建物),新北市新店區中正路２６３－５號二樓,20.65,住,,,1130524,土地1建物1車位0,二層,十二層,住宅大樓(11層含以上有電梯),其他,鋼筋混凝土造,0800814,110.98,3,2,1,有,有,17880000,161110,,0.0,0,土地款：16638856元正；建物款：1241144元正3174建號1083750元正、3186建號25551元正、131843元正,RPRNMLMKOHJGFCF18EA,100.21,0.0,10.77,有,
板橋區,房地(土地+建物)+車位,新北市板橋區民族路１００之１號十八樓,42.92,商,,,1130420,土地1建物1車位3,十八層,十八層,住宅大樓(11層含以上有電梯),住家用,鋼骨鋼筋混凝土造,1030916,367.76,0,0,0,無,有,74500000,239302,坡道平面,91.53,8400000,,RPUNMLNLJHKGFAF97DA,158.05,12.99,9.99,有,
板橋區,房地(土地+建物)+車位,新北市板橋區民族路１００之２號十八樓,42.92,商,,,1130420,土地1建物1車位3,十八層,十八層,住宅大樓(11層含以上有電梯),住家用,鋼骨鋼筋混凝土造,1030916,367.76,0,0,0,無,有,75900000,244370,坡道平面,91.53,8400000,,RPVNMLNLJHKGFAF08DA,158.05,12.99,9.99,有,
板橋區,房地(土地+建物)+車位,新北市板橋區民族路１００之３號十八樓,45.33,商,,,1130420,土地1建物1車位4,十八層,十八層,住宅大樓(11層含以上有電梯),住家用,鋼骨鋼筋混凝土造,1030916,408.22,0,0,0,無,有,80700000,242863,坡道平面,122.04,11200000,,RPWNMLNLJHKGFAF18DA,165.05,12.99,9.42,有,
板橋區,房地(土地+建物)+車位,新北市板橋區民族路１００號十八樓,45.33,商,,,1130420,土地1建物1車位4,十八層,十八層,住宅大樓(11層含以上有電梯),住家用,鋼骨鋼筋混凝土造,1030916,408.18,0,0,0,無,有,78060000,233662,坡道平面,122.04,11200000,,RPXNMLNLJHKGFAF28DA,165.05,12.99,9.42,有,
板橋區,房地(土地+建物)+車位,新北市板橋區華江三路２６９號三樓,6.55,商,,,1130413,土地1建物1車位1,三層,十五層,住宅大樓(11層含以上有電梯),辦公用,鋼筋混凝土造,1140107,96.17,0,0,0,無,有,13220000,174034,坡道平面,34.86,2550000,113.6.1夫妻讓渡預售屋、或土地及建物分件登記案件；,RPUVNLRJKHKGFAF56DA,35.61,0.0,4.24,有,
新店區,土地,北新段541地號,16.32,都市：其他:道路用地,,,1130429,土地4建物0車位0,,,其他,,,,0.0,0,0,0,無,無,3672321,225020,,0.0,0,包含公共設施保留地用地；,RPQOMLNLKIJGFCF97DA,0.0,0.0,0.0,無,248
八里區,房地(土地+建物)+車位,新北市八里區商港三路２８９號五樓,20.91,商,,,1130415,土地1建物1車位1,五層,十五層,住宅大樓(11層含以上有電梯),住家用,鋼筋混凝土造,1131205,184.16000000000003,4,2,3,有,有,16880000,99031,坡道平面,32.39,1850000,預售屋、或土地及建物分件登記案件；,RPRRMLRKKHKGFEF88DA,86.79,3.75,10.86,有,
三重區,房地(土地+建物),新北市三重區仁愛街１２５巷６９號四樓,18.24,住,,,1130421,土地2建物1車位0,四層,六層,華廈(10層含以下有電梯),住家用,鋼筋混凝土造,1131121,67.75999999999999,0,0,1,有,無,12400000,182999,,0.0,0,,RPPOMLRJJHKGFGF38DA,36.05,0.0,4.63,有,
樹林區,土地,南園段832地號,751.03,,一般農業區,農牧用地,1130422,土地2建物0車位0,,,其他,,,,0.0,0,0,0,無,無,20790000,27682,,0.0,0,共有人部分占用未登記建物；,RPUNMLSJJHKGFIF09DA,0.0,0.0,0.0,無,306
板橋區,房地(土地+建物)+車位,新北市板橋區華江三路２７３號三樓,6.55,商,,,1130331,土地1建物1車位1,三層,十五層,住宅大樓(11層含以上有電梯),辦公用,鋼筋混凝土造,1140107,87.84,0,0,0,無,有,12660000,166312,坡道平面,26.75,2500000,預售屋、或土地及建物分件登記案件；,RPWQMLPKJHKGFAF58DA,35.52,0.0,4.18,有,
林口區,房地(土地+建物)+車位,新北市林口區文化三路二段４１巷８１號十五樓,20.64,住,,,1130303,土地1建物1車位1,十五層,十五層,住宅大樓(11層含以上有電梯),住家用,鋼筋混凝土造,1131114,140.47,3,2,2,有,有,20750000,157426,一樓平面,24.86,2550000,預售屋、或土地及建物分件登記案件；,RPPPMLTJKHKGFBF28DA,72.38,0.0,6.29,有,
新店區,房地(土地+建物),新北市新店區中央八街８２號五樓,31.65,住,,,1130303,土地1建物1車位0,五層,十層,華廈(10層含以下有電梯),住家用,鋼筋混凝土構造,1130704,152.31,3,2,2,有,有,35400000,232421,,0.0,0,預售屋、或土地及建物分件登記案件；,RPSNMLQLKHKGFCF38DA,87.5,0.0,9.54,有,
八里區,房地(土地+建物)+車位,新北市八里區商港三路２８９號六樓,20.91,商,,,1130217,土地1建物1車位1,六層,十五層,住宅大樓(11層含以上有電梯),住家用,鋼筋混凝土造,1131205,184.16000000000003,4,2,3,有,有,16750000,99493,坡道平面,32.39,1650000,113.10.21權利轉讓總價為新台幣1675萬元整母子預售屋、或土地及建物分件登記案件；,RPTRMLRKKHKGFEF09DA,86.79,3.75,10.86,有,
瑞芳區,土地,四腳亭段楓子瀨小段17地號,206.0,,山坡地保育區,丙種建築用地,1130206,土地1建物0車位0,,,其他,,,,0.0,0,0,0,無,無,3115750,15125,,0.0,0,,RPWNMLOKKHKGFFF88EA,0.0,0.0,0.0,無,307
瑞芳區,土地,四腳亭段楓子瀨小段17-1地號,17.12,,山坡地保育區,交通用地,1130206,土地1建物0車位0,,,其他,,,,0.0,0,0,0,無,無,36263,2118,,0.0,0,,SPWNMLOKKHKGFFF98EA,0.0,0.0,0.0,無,006
瑞芳區,土地,四腳亭段楓子瀨小段18地號,115.75,,山坡地保育區,丙種建築用地,1130206,土地1建物0車位0,,,其他,,,,0.0,0,0,0,無,無,1750719,15125,,0.0,0,,TPWNMLOKKHKGFFF09EA,0.0,0.0,0.0,無,309
瑞芳區,土地,四腳亭段楓子瀨小段18-1地號,40.88,,山坡地保育區,交通用地,1130206,土地1建物0車位0,,,其他,,,,0.0,0,0,0,無,無,86552,2117,,0.0,0,,UPWNMLOKKHKGFFF56EA,0.0,0.0,0.0,無,007
瑞芳區,土地,四腳亭段楓子瀨小段19地號,357.38,,山坡地保育區,丙種建築用地,1130206,土地1建物0車位0,,,其他,,,,0.0,0,0,0,無,無,5405297,15125,,0.0,0,,VPWNMLOKKHKGFFF66EA,0.0,0.0,0.0,無,311
瑞芳區,土地,四腳亭段楓子瀨小段19-1地號,16.0,,山坡地保育區,交通用地,1130206,土地1建物0車位0,,,其他,,,,0.0,0,0,0,無,無,33880,2118,,0.0,0,,WPWNMLOKKHKGFFF76EA,0.0,0.0,0.0,無,008
板橋區,房地(土地+建物)+車位,新北市板橋區華江三路２８５號三樓,6.98,商,,,1130128,土地1建物1車位1,三層,十五層,住宅大樓(11層含以上有電梯),辦公用,鋼筋混凝土造,1140107,91.43,0,0,0,無,有,13930000,175943,坡道平面,26.75,2550000,預售屋、或土地及建物分件登記案件；,RPPONLPKJHKGFAF77DA,39.21,0.0,2.84,有,
三重區,房地(土地+建物),新北市三重區重新路四段２５２號三樓之二,4.37,商,,,1130129,土地4建物1車位0,三層,十四層,住宅大樓(11層含以上有電梯),住家用,鋼筋混凝土造,0850611,43.47,1,1,1,有,有,7000000,161031,,0.0,0,,RPQPMLNJRHJGFGF88DA,34.15,0.0,2.92,有,
三峽區,土地,正義段360地號,55.78,,一般農業區,甲種建築用地,1130124,土地2建物0車位0,,,其他,,,,0.0,0,0,0,無,無,7338000,131553,,0.0,0,未登記建物；,RPUNMLLLJHKGFIF58DA,0.0,0.0,0.0,無,
板橋區,房地(土地+建物)+車位,新北市板橋區華江三路２７１號三樓,6.55,商,,,1121210,土地1建物1車位1,三層,十五層,住宅大樓(11層含以上有電梯),辦公用,鋼筋混凝土造,1140107,90.17,0,0,0,無,有,12900000,168604,坡道平面,29.08,2600000,預售屋、或土地及建物分件登記案件；,RPSPMLPKJHKGFAF08DA,35.52,0.0,4.18,有,
板橋區,房地(土地+建物)+車位,新北市板橋區華江三路２７５號三樓,6.55,商,,,1121209,土地1建物1車位1,三層,十五層,住宅大樓(11層含以上有電梯),辦公用,鋼筋混凝土造,1140107,89.59,0,0,0,無,有,12900000,169393,坡道平面,29.08,2650000,預售屋、或土地及建物分件登記案件；,RPTSMLPKJHKGFAF48DA,36.78,0.0,2.55,有,
板橋區,房地(土地+建物)+車位,新北市板橋區華江三路２８５號六樓,6.98,商,,,1121231,土地1建物1車位1,六層,十五層,住宅大樓(11層含以上有電梯),辦公用,鋼筋混凝土造,1140107,93.75999999999999,0,0,0,無,有,13280000,168986,坡道平面,29.08,2350000,預售屋、或土地及建物分件登記案件；,RPQONLPKJHKGFAF87DA,39.21,0.0,2.84,有,
八里區,房地(土地+建物)+車位,新北市八里區商港三路２９１號五樓,16.66,商,,,1121213,土地1建物1車位1,五層,十五層,住宅大樓(11層含以上有電梯),住家用,鋼筋混凝土造,1131205,152.67000000000002,3,2,2,有,有,12880000,93747,坡道平面,31.28,1500000,預售屋、或土地及建物分件登記案件；,RPQRMLRKKHKGFEF78DA,68.84,3.36,9.02,有,
三峽區,房地(土地+建物)+車位,新北市三峽區大德路１１號十二樓,24.09,住,,,1121212,土地1建物1車位1,十二層,十二層,住宅大樓(11層含以上有電梯),住家用,鋼筋混凝土造,1131011,129.82,2,2,1,有,有,18140000,186331,坡道平面,43.2,2000000,於民國113年4月3日轉讓。露台約6.12坪。預售屋、或土地及建物分件登記案件；,RPSOMLPJKHKGFIF78DA,53.37,0.0,3.27,有,
板橋區,房地(土地+建物)+車位,新北市板橋區華江三路２６９號十二樓,6.55,商,,,1121007,土地1建物1車位1,十二層,十五層,住宅大樓(11層含以上有電梯),住家用,鋼筋混凝土造,1140107,90.05,2,1,1,有,有,14650000,201739,坡道平面,29.08,2350000,預售屋、或土地及建物分件登記案件；,RPOONLOKJHKGFAF57DA,34.18,0.0,5.69,有,
板橋區,房地(土地+建物)+車位,新北市板橋區華江三路２８３號三樓,6.41,商,,,1121030,土地1建物1車位1,三層,十五層,住宅大樓(11層含以上有電梯),辦公用,鋼筋混凝土造,1140107,88.86,0,0,0,無,有,12880000,177819,坡道平面,29.08,2250000,預售屋、或土地及建物分件登記案件；,RPOONLPKJHKGFAF67DA,36.47,0.0,2.39,有,
八里區,房地(土地+建物)+車位,新北市八里區商港三路２８５號七樓,16.32,商,,,1121006,土地1建物1車位1,七層,十五層,住宅大樓(11層含以上有電梯),住家用,鋼筋混凝土造,1131205,150.93,3,2,2,有,有,13420000,100135,坡道平面,32.39,1550000,預售屋、或土地及建物分件登記案件；,RPSRMLRKKHKGFEF98DA,70.55,3.8,5.13,有,
泰山區,房地(土地+建物)+車位,新北市泰山區信華三街１７９號三樓,11.83,住,,,1121001,土地2建物1車位1,三層,十五層,住宅大樓(11層含以上有電梯),住家用,鋼筋混凝土造,1131128,90.93,2,2,1,有,有,12350000,154036,坡道平面,26.01,2350000,預售屋、或土地及建物分件登記案件；,RPRRMLNLRHJGFBF88DA,34.84,0.0,7.68,有,
三峽區,房地(土地+建物)+車位,新北市三峽區大德路７號八樓,31.96,住,,,1121020,土地1建物1車位1,八層,十二層,住宅大樓(11層含以上有電梯),住家用,鋼筋混凝土造,1131011,159.14,3,2,2,有,有,20860000,161808,坡道平面,43.2,2100000,預售屋、或土地及建物分件登記案件；,RPXNMLPJKHKGFIF56DA,66.62,0.0,9.02,有,
林口區,房地(土地+建物)+車位,新北市林口區文化三路二段４１巷８１號二樓,20.64,住,,,1120718,土地1建物1車位1,二層,十五層,住宅大樓(11層含以上有電梯),住家用,鋼筋混凝土造,1131114,140.35,3,2,2,有,有,18300000,139297,坡道平面,24.77,2200000,預售屋、或土地及建物分件登記案件；,RPTOMLTJKHKGFBF58DA,72.38,0.0,6.29,有,
三峽區,房地(土地+建物)+車位,新北市三峽區大德路７號四樓,31.96,住,,,1120722,土地1建物1車位1,四層,十二層,住宅大樓(11層含以上有電梯),住家用,鋼筋混凝土造,1131011,157.85,3,2,2,有,有,19790000,154304,坡道平面,41.91,1900000,預售屋、或土地及建物分件登記案件；,RPWOMLNJKHKGFIF98DA,66.62,0.0,9.02,有,
三峽區,房地(土地+建物)+車位,新北市三峽區大德路１１之１號九樓,23.74,住,,,1120729,土地1建物1車位1,九層,十二層,住宅大樓(11層含以上有電梯),住家用,鋼筋混凝土造,1131011,128.8,2,2,1,有,有,16090000,164603,坡道平面,43.2,2000000,預售屋、或土地及建物分件登記案件；,RPTNMLTKKHKGFIF66DA,52.67,0.0,3.27,有,
林口區,房地(土地+建物)+車位,新北市林口區文化三路二段４１巷７９號十四樓,25.56,住,,,1120613,土地1建物1車位1,十四層,十五層,住宅大樓(11層含以上有電梯),住家用,鋼筋混凝土造,1131114,167.95,4,2,2,有,有,22540000,140662,坡道平面,24.77,2400000,讓與日期：113年10月11日，夫妻讓渡，交易總價不變。預售屋、或土地及建物分件登記案件；,RPSOMLTJKHKGFBF48DA,86.0,0.0,11.46,有,
林口區,房地(土地+建物)+車位,新北市林口區文化三路二段４１巷８１號十三樓,20.64,住,,,1120627,土地1建物1車位1,十三層,十五層,住宅大樓(11層含以上有電梯),住家用,鋼筋混凝土造,1131114,140.36,3,2,2,有,有,18980000,145168,坡道平面,24.77,2200000,預售屋、或土地及建物分件登記案件；,RPOPMLTJKHKGFBF18DA,72.38,0.0,6.29,有,
八里區,房地(土地+建物)+車位,新北市八里區商港三路２８７號十二樓,13.94,商,,,1120630,土地1建物1車位1,十二層,十五層,住宅大樓(11層含以上有電梯),住家用,鋼筋混凝土造,1131205,131.49,2,2,2,有,有,11100000,97296,坡道平面,31.28,1350000,預售屋、或土地及建物分件登記案件；,RPURMLRKKHKGFEF56DA,59.57,2.39,4.96,有,
土城區,房地(土地+建物)+車位,新北市土城區青仁路１５０號,31.68,住,,,1120508,土地1建物1車位2,一層，見其他登記事項,十二層,住宅大樓(11層含以上有電梯),商業用,鋼筋混凝土造,1131015,225.8,2,1,1,有,有,28000000,124004,坡道平面,81.14,0,預售屋、或土地及建物分件登記案件；,RPQNMLTKJHKGFAF08DA,88.84,0.0,3.44,有,
林口區,房地(土地+建物)+車位,新北市林口區文化三路二段４１巷８１號十二樓,20.64,住,,,1120522,土地1建物1車位1,十二層,十五層,住宅大樓(11層含以上有電梯),住家用,鋼筋混凝土造,1131114,140.35,3,2,2,有,有,18100000,136702,坡道平面,24.77,2300000,預售屋、或土地及建物分件登記案件；,RPXOMLTJKHKGFBF98DA,72.38,0.0,6.29,有,
八里區,房地(土地+建物)+車位,新北市八里區商港三路２８５號十四樓,16.32,商,,,1120527,土地1建物1車位1,十四層,十五層,住宅大樓(11層含以上有電梯),住家用,鋼筋混凝土造,1131205,150.93,3,2,2,有,有,12850000,95326,坡道平面,32.39,1550000,預售屋、或土地及建物分件登記案件；,RPVRMLRKKHKGFEF66DA,70.55,3.8,5.13,有,
鶯歌區,房地(土地+建物)+車位,新北市鶯歌區鶯歌路１８０號六樓,27.27,住,,,1120420,土地1建物1車位1,六層,十四層,住宅大樓(11層含以上有電梯),住家用,鋼筋混凝土造,1130823,149.4,3,2,2,有,有,15670000,111227,坡道平面,24.7,1800000,預售屋、或土地及建物分件登記案件；,RPROMLRKJHKGFIF88DA,73.59,0.0,10.44,有,
五股區,房地(土地+建物)+車位,新北市五股區成泰路三段４３８號五樓之８,19.09,住,,,1120421,土地1建物1車位1,五層,六層,華廈(10層含以下有電梯),住家用,鋼筋混凝土造,1140107,102.61,3,2,1,有,有,12500000,136830,坡道平面,23.68,1700000,含傢俱設備費；預售屋、或土地及建物分件登記案件；,RPURMLOLKIJGFBF68DA,46.05,0.0,5.25,有,
土城區,房地(土地+建物)+車位,新北市土城區青仁路１５２號,37.96,住,,,1120329,土地1建物1車位3,一層，見其他登記事項,十二層,住宅大樓(11層含以上有電梯),商業用,鋼筋混凝土造,1131015,283.90999999999997,2,1,1,有,有,36700000,129266,坡道平面,118.2,0,預售屋、或土地及建物分件登記案件；,RPUNMLTKJHKGFAF48DA,100.27,0.0,3.2,有,
林口區,房地(土地+建物)+車位,新北市林口區文化三路二段４１巷８１號九樓,20.64,住,,,1120321,土地1建物1車位1,九層,十五層,住宅大樓(11層含以上有電梯),住家用,鋼筋混凝土造,1131114,140.35,3,2,2,有,有,18000000,136702,坡道平面,24.77,2200000,預售屋、或土地及建物分件登記案件；,RPVOMLTJKHKGFBF78DA,72.38,0.0,6.29,有,
板橋區,房地(土地+建物)+車位,新北市板橋區華江三路２７１號十五樓,6.55,商,,,1111114,土地1建物1車位1,十五層,十五層,住宅大樓(11層含以上有電梯),住家用,鋼筋混凝土造,1140107,89.89,2,1,1,有,有,14060000,194211,坡道平面,29.08,2250000,預售屋、或土地及建物分件登記案件；,RPUQMLPKJHKGFAF38DA,34.08,0.0,5.69,有,
林口區,房地(土地+建物)+車位,新北市林口區民富街６１號二十二樓,11.8,商,,,1111126,土地1建物1車位1,二十二層,二十三層,住宅大樓(11層含以上有電梯),住家用,鋼筋混凝土造,1130903,164.53,3,2,2,有,有,21760000,137327,坡道平面,20.64,2000000,換約日期112.05.29，換約價格2277萬元預售屋、或土地及建物分件登記案件；,RPWNMLQLKIJGFBF68DA,82.06,7.12,8.26,有,
泰山區,房地(土地+建物)+車位,新北市泰山區信華三街１８１號五樓,15.95,住,,,1111115,土地2建物1車位1,五層,十五層,住宅大樓(11層含以上有電梯),住家用,鋼筋混凝土造,1131128,116.15,3,2,2,有,有,15280000,147701,坡道平面,28.27,2300000,預售屋、或土地及建物分件登記案件；,RPOPMLOLIIJGFBF67DA,54.19,0.0,3.37,有,
板橋區,房地(土地+建物)+車位,新北市板橋區華江三路２７１號十樓,6.55,商,,,1111009,土地1建物1車位1,十層,十五層,住宅大樓(11層含以上有電梯),住家用,鋼筋混凝土造,1140107,89.89,2,1,1,有,有,14500000,194869,坡道平面,29.08,2650000,預售屋、或土地及建物分件登記案件；,RPPQMLPKJHKGFAF87DA,34.08,0.0,5.69,有,
林口區,房地(土地+建物)+車位,新北市林口區文化三路二段４１巷８１號五樓,20.64,住,,,1111013,土地1建物1車位1,五層,十五層,住宅大樓(11層含以上有電梯),住家用,鋼筋混凝土造,1131114,140.35,3,2,2,有,有,17780000,133933,坡道平面,24.77,2300000,讓與日期：113年10月14日，夫妻讓渡，交易總價不變。預售屋、或土地及建物分件登記案件；,RPUOMLTJKHKGFBF68DA,72.38,0.0,6.29,有,
林口區,房地(土地+建物)+車位,新北市林口區文化三路二段４１巷８１號十樓,20.64,住,,,1111030,土地1建物1車位1,十層,十五層,住宅大樓(11層含以上有電梯),住家用,鋼筋混凝土造,1131114,140.35,3,2,2,有,有,17900000,134971,坡道平面,24.77,2300000,預售屋、或土地及建物分件登記案件；,RPWOMLTJKHKGFBF88DA,72.38,0.0,6.29,有,
泰山區,房地(土地+建物)+車位,新北市泰山區信華三街１８３號六樓,15.95,住,,,1110916,土地2建物1車位1,六層,十五層,住宅大樓(11層含以上有電梯),住家用,鋼筋混凝土造,1131128,116.15,3,2,2,有,有,15400000,149067,坡道平面,28.27,2300000,預售屋、或土地及建物分件登記案件；,RPQOMLNLRHJGFBF48DA,54.19,0.0,3.37,有,
五股區,房地(土地+建物)+車位,新北市五股區成泰路三段４３８號,44.35,住,,,1110806,土地1建物1車位1,一層，二層,六層,華廈(10層含以下有電梯),住商用,鋼筋混凝土造,1140107,220.64999999999998,0,0,0,無,有,34980000,173894,坡道平面,36.17,2900000,預售屋、或土地及建物分件登記案件；,RPROMLOLKIJGFBF08DA,109.84,0.0,10.07,有,
五股區,房地(土地+建物)+車位,新北市五股區成泰路三段４３８號五樓之５,20.18,住,,,1110726,土地1建物1車位1,五層,六層,華廈(10層含以下有電梯),住家用,鋼筋混凝土造,1140107,107.21000000000001,3,2,1,有,有,13900000,146055,坡道平面,23.68,1700000,預售屋、或土地及建物分件登記案件；,RPRRMLOLKIJGFBF38DA,49.04,0.0,5.25,有,
板橋區,房地(土地+建物)+車位,新北市板橋區華江三路２６７號九樓,6.55,商,,,1110610,土地1建物1車位1,九層,十五層,住宅大樓(11層含以上有電梯),住家用,鋼筋混凝土造,1140107,87.75,2,1,1,有,有,14000000,188525,坡道平面,26.75,2500000,含傢俱設備費；預售屋、或土地及建物分件登記案件；,RPOWMLOKJHKGFAF28DA,34.09,0.0,5.8,有,
板橋區,房地(土地+建物)+車位,新北市板橋區華江三路２７５號五樓,6.55,商,,,1110613,土地1建物1車位1,五層,十五層,住宅大樓(11層含以上有電梯),辦公用,鋼筋混凝土造,1140107,89.59,0,0,0,無,有,12700000,169393,坡道平面,29.08,2450000,113.6.5夫妻讓渡預售屋、或土地及建物分件登記案件；,RPTPOLRJKHKGFAF58DA,36.78,0.0,2.55,有,
新店區,房地(土地+建物)+車位,新北市新店區央北二路１０８號二樓,27.35,住,,,1110619,土地1建物1車位1,二層,十三層,住宅大樓(11層含以上有電梯),住家用,鋼筋混凝土構造,1130926,154.75,3,2,2,有,有,26550000,211323,坡道平面,40.47,2400000,預售屋、或土地及建物分件登記案件；,RPVWMLRKJHKGFCF86DA,69.69,0.0,4.73,有,
板橋區,房地(土地+建物)+車位,新北市板橋區華江三路２７１號十三樓,6.55,商,,,1110508,土地1建物1車位1,十三層,十五層,住宅大樓(11層含以上有電梯),住家用,鋼筋混凝土造,1140107,89.89,2,1,1,有,有,14100000,189114,坡道平面,29.08,2600000,預售屋、或土地及建物分件登記案件；,RPSQMLPKJHKGFAF18DA,34.08,0.0,5.69,有,
板橋區,房地(土地+建物)+車位,新北市板橋區華江三路２６７號七樓,6.55,商,,,1110521,土地1建物1車位1,七層,十五層,住宅大樓(11層含以上有電梯),住家用,鋼筋混凝土造,1140107,90.08,2,1,1,有,有,14000000,189344,坡道平面,29.08,2450000,113.7.16讓渡預售屋、或土地及建物分件登記案件；,RPPVNLRJKHKGFAF68DA,34.09,0.0,5.8,有,
新店區,房地(土地+建物)+車位,新北市新店區央北二路１３２號二樓,34.08,住,,,1110508,土地1建物1車位1,二層,十三層,住宅大樓(11層含以上有電梯),住家用,鋼筋混凝土構造,1130926,182.86,3,2,2,有,有,33350000,216307,坡道平面,40.47,2550000,預售屋、或土地及建物分件登記案件；,RPQOMLRKJHKGFCF18DA,87.35,0.0,5.38,有,
板橋區,房地(土地+建物),新北市板橋區華江三路２７１號十一樓,6.55,商,,,1110403,土地1建物1車位0,十一層,十五層,住宅大樓(11層含以上有電梯),住家用,鋼筋混凝土造,1140107,60.81,2,1,1,有,有,11800000,194047,,0.0,0,預售屋、或土地及建物分件登記案件；,RPQQMLPKJHKGFAF97DA,34.08,0.0,5.69,有,
板橋區,房地(土地+建物)+車位,新北市板橋區華江三路２７１號十二樓,6.55,商,,,1110425,土地1建物1車位1,十二層,十五層,住宅大樓(11層含以上有電梯),住家用,鋼筋混凝土造,1140107,89.89,2,1,1,有,有,13980000,189607,坡道平面,29.08,2450000,含傢俱設備費；預售屋、或土地及建物分件登記案件；,RPRQMLPKJHKGFAF08DA,34.08,0.0,5.69,有,
板橋區,房地(土地+建物)+車位,新北市板橋區華江三路２７３號五樓,6.55,商,,,1110411,土地1建物1車位1,五層,十五層,住宅大樓(11層含以上有電梯),辦公用,鋼筋混凝土造,1140107,87.84,0,0,0,無,有,12530000,164184,坡道平面,26.75,2500000,預售屋、或土地及建物分件登記案件；,RPORMLPKJHKGFAF87DA,35.52,0.0,4.18,有,
新店區,房地(土地+建物)+車位,新北市新店區央北二路１３６號六樓,27.35,住,,,1110428,土地1建物1車位1,六層,十三層,住宅大樓(11層含以上有電梯),住家用,鋼筋混凝土構造,1130926,154.75,3,2,2,有,有,26620000,210186,坡道平面,40.47,2600000,預售屋、或土地及建物分件登記案件；,RPOTMLRKJHKGFCF48DA,69.69,0.0,4.73,有,
三重區,房地(土地+建物)+車位,新北市三重區水漾路二段３５號八樓之八,8.89,住,,,1110429,土地1建物1車位1,八層,十五層,住宅大樓(11層含以上有電梯),住家用,鋼筋混凝土造,1131007,84.32,1,1,1,有,有,10750000,175093,坡道平面,33.49,1850000,預售屋、或土地及建物分件登記案件；,RPXPMLRJJHKGFGF66DA,29.72,0.0,4.05,有,
樹林區,房地(土地+建物)+車位,新北市樹林區柑園街一段３６５巷２１之３號三樓,31.45,,一般農業區,甲種建築用地,1110403,土地1建物1車位1,三層,九層,華廈(10層含以下有電梯),住家用,鋼筋混凝土造,1131107,146.2,3,2,2,有,有,11840000,94114,坡道平面,34.74,1350000,預售屋、或土地及建物分件登記案件；,RPSOMLSKKHKGFIF56DA,66.35,0.0,7.14,有,
板橋區,房地(土地+建物)+車位,新北市板橋區華江三路２６９號十一樓,6.55,商,,,1110306,土地1建物1車位1,十一層,十五層,住宅大樓(11層含以上有電梯),住家用,鋼筋混凝土造,1140107,90.05,2,1,1,有,有,13370000,182385,坡道平面,29.08,2250000,預售屋、或土地及建物分件登記案件；,RPWNNLOKJHKGFAF28DA,34.18,0.0,5.69,有,
板橋區,房地(土地+建物)+車位,新北市板橋區華江三路２６９號十四樓,6.55,商,,,1110326,土地1建物1車位1,十四層,十五層,住宅大樓(11層含以上有電梯),住家用,鋼筋混凝土造,1140107,90.05,2,1,1,有,有,13900000,186157,坡道平面,29.08,2550000,預售屋、或土地及建物分件登記案件；,RPSONLOKJHKGFAF97DA,34.18,0.0,5.69,有,
板橋區,房地(土地+建物)+車位,新北市板橋區華江三路２７１號四樓,6.55,商,,,1110312,土地1建物1車位1,四層,十五層,住宅大樓(11層含以上有電梯),辦公用,鋼筋混凝土造,1140107,90.17,0,0,0,無,有,12500000,161238,坡道平面,29.08,2650000,預售屋、或土地及建物分件登記案件；,RPTPMLPKJHKGFAF18DA,35.52,0.0,4.18,有,
板橋區,房地(土地+建物)+車位,新北市板橋區華江三路２７３號四樓,6.55,商,,,1110312,土地1建物1車位1,四層,十五層,住宅大樓(11層含以上有電梯),辦公用,鋼筋混凝土造,1140107,90.17,0,0,0,無,有,12300000,157964,坡道平面,29.08,2650000,預售屋、或土地及建物分件登記案件；,RPXQMLPKJHKGFAF68DA,35.52,0.0,4.18,有,
板橋區,房地(土地+建物)+車位,新北市板橋區華江三路２７３號六樓,6.55,商,,,1110306,土地1建物1車位1,六層,十五層,住宅大樓(11層含以上有電梯),辦公用,鋼筋混凝土造,1140107,90.17,0,0,0,無,有,11980000,155999,坡道平面,29.08,2450000,預售屋、或土地及建物分件登記案件；,RPPRMLPKJHKGFAF97DA,35.52,0.0,4.18,有,
板橋區,房地(土地+建物)+車位,新北市板橋區華江三路２６９號五樓,6.55,商,,,1110328,土地1建物1車位1,五層,十五層,住宅大樓(11層含以上有電梯),辦公用,鋼筋混凝土造,1140107,96.17,0,0,0,無,有,12300000,155766,坡道平面,34.86,2750000,113.5.14夫妻讓渡預售屋、或土地及建物分件登記案件；,RPWVNLRJKHKGFAF76DA,35.61,0.0,4.24,有,
板橋區,房地(土地+建物)+車位,新北市板橋區華江三路２７１號九樓,6.55,商,,,1110305,土地1建物1車位1,九層,十五層,住宅大樓(11層含以上有電梯),住家用,鋼筋混凝土造,1140107,89.89,2,1,1,有,有,13200000,180069,坡道平面,29.08,2250000,113.6.1夫妻讓渡預售屋、或土地及建物分件登記案件；,RPQWNLRJKHKGFAF88DA,34.08,0.0,5.69,有,
板橋區,房地(土地+建物)+車位,新北市板橋區華江三路２７１號十四樓,6.55,商,,,1110326,土地1建物1車位1,十四層,十五層,住宅大樓(11層含以上有電梯),住家用,鋼筋混凝土造,1140107,89.89,2,1,1,有,有,13600000,183358,坡道平面,29.08,2450000,113.3.29讓渡含傢俱設備費；預售屋、或土地及建物分件登記案件；,RPUWNLRJKHKGFAF66DA,34.08,0.0,5.69,有,
新店區,房地(土地+建物)+車位,新北市新店區央北二路１２０號二樓,20.02,住,,,1110310,土地1建物1車位1,二層,十三層,住宅大樓(11層含以上有電梯),住家用,鋼筋混凝土構造,1130926,124.06,2,2,1,有,有,20950000,220720,坡道平面,40.47,2500000,原買方秦OO余OO與新買方余OO於113.12.5 簽立1/2權利義務移轉證明更名轉讓總價款不變預售屋、或土地及建物分件登記案件；,RPRVMLRKJHKGFCF98DA,51.12,0.0,3.32,有,
樹林區,房地(土地+建物)+車位,新北市樹林區柑園街一段３６５巷２１號五樓,28.13,,一般農業區,甲種建築用地,1110305,土地1建物1車位1,五層,九層,華廈(10層含以下有電梯),住家用,鋼筋混凝土造,1131107,134.55,3,2,2,有,有,11100000,97686,坡道平面,34.74,1350000,預售屋、或土地及建物分件登記案件；,RPTOMLSKKHKGFIF66DA,58.93,0.0,6.94,有,
樹林區,房地(土地+建物)+車位,新北市樹林區柑園街一段３６５巷２１號六樓,28.13,,一般農業區,甲種建築用地,1110310,土地1建物1車位1,六層,九層,華廈(10層含以下有電梯),住家用,鋼筋混凝土造,1131107,134.55,3,2,2,有,有,11250000,97185,坡道平面,34.74,1550000,預售屋、或土地及建物分件登記案件；,RPUOMLSKKHKGFIF76DA,58.93,0.0,6.94,有,
泰山區,房地(土地+建物)+車位,新北市泰山區信華三街１８３號十樓,15.95,住,,,1110311,土地2建物1車位1,十層,十五層,住宅大樓(11層含以上有電梯),住家用,鋼筋混凝土造,1131128,116.15,3,2,2,有,有,15300000,147929,坡道平面,28.27,2300000,預售屋、或土地及建物分件登記案件；,RPXOMLNLRHJGFBF56DA,54.19,0.0,3.37,有,
樹林區,房地(土地+建物)+車位,新北市樹林區柑園街一段３６５巷２１之６號三樓,19.68,,一般農業區,甲種建築用地,1110316,土地1建物1車位1,三層,九層,華廈(10層含以下有電梯),住家用,鋼筋混凝土造,1131107,104.59,2,2,1,有,有,8220000,96922,坡道平面,34.74,1450000,預售屋、或土地及建物分件登記案件；,RPVOMLLLKHKGFIF88DA,41.8,0.0,4.28,有,
板橋區,房地(土地+建物)+車位,新北市板橋區華江三路２６９號十樓,6.55,商,,,1110208,土地1建物1車位1,十層,十五層,住宅大樓(11層含以上有電梯),住家用,鋼筋混凝土造,1140107,87.72,2,1,1,有,有,13250000,179597,坡道平面,26.75,2300000,預售屋、或土地及建物分件登記案件；,RPVNNLOKJHKGFAF18DA,34.18,0.0,5.69,有,
板橋區,房地(土地+建物)+車位,新北市板橋區華江三路２７１號七樓,6.55,商,,,1110222,土地1建物1車位1,七層,十五層,住宅大樓(11層含以上有電梯),住家用,鋼筋混凝土造,1140107,89.89,2,1,1,有,有,12900000,175136,坡道平面,29.08,2250000,預售屋、或土地及建物分件登記案件；,RPWPMLPKJHKGFAF48DA,34.08,0.0,5.69,有,
板橋區,房地(土地+建物)+車位,新北市板橋區華江三路２７７號三樓,8.41,商,,,1110222,土地1建物1車位1,三層,十五層,住宅大樓(11層含以上有電梯),辦公用,鋼筋混凝土造,1140107,107.50999999999999,0,0,0,無,有,14300000,148540,坡道平面,29.08,2650000,含傢俱設備費；預售屋、或土地及建物分件登記案件；,RPPRNLPKJHKGFAF08DA,47.44,0.0,3.54,有,
板橋區,房地(土地+建物)+車位,新北市板橋區華江三路２８１號四樓,8.41,商,,,1110221,土地1建物1車位1,四層,十五層,住宅大樓(11層含以上有電梯),辦公用,鋼筋混凝土造,1140107,107.35,0,0,0,無,有,14100000,146927,坡道平面,29.08,2600000,113.6.5二親等讓渡含傢俱設備費；預售屋、或土地及建物分件登記案件；,RPQWOLRJKHKGFAF98DA,47.33,0.0,3.54,有,
新店區,房地(土地+建物)+車位,新北市新店區央北二路１２２號八樓,20.02,住,,,1110223,土地1建物1車位1,八層,十三層,住宅大樓(11層含以上有電梯),住家用,鋼筋混凝土構造,1130926,124.06,2,2,1,有,有,20440000,217610,坡道平面,40.47,2250000,原買方宮OO甘OO與新買方甘OO於111.12.14 簽立1/2權利義務移轉證明更名轉讓總價款不變預售屋、或土地及建物分件登記案件；,RPQRMLRKJHKGFCF48DA,51.12,0.0,3.32,有,
板橋區,房地(土地+建物)+車位,新北市板橋區華江三路２６１號二樓,8.55,商,,,1110212,土地1建物1車位1,二層,十五層,住宅大樓(11層含以上有電梯),辦公用,鋼筋混凝土造,1140107,109.07,0,0,0,無,有,14250000,148144,坡道平面,29.08,2400000,預售屋、或土地及建物分件登記案件；,RPXOMLQJJHKGFAF48DA,48.16,0.0,3.84,有,
新店區,房地(土地+建物)+車位,新北市新店區央北二路１１０號七樓,34.08,住,,,1110212,土地1建物1車位1,七層,十三層,住宅大樓(11層含以上有電梯),住家用,鋼筋混凝土構造,1130926,186.57,3,2,2,有,有,33020000,214356,坡道平面,44.19,2500000,預售屋、或土地及建物分件登記案件；,RPUSMLRKJHKGFCF98DA,87.35,0.0,5.38,有,
樹林區,房地(土地+建物)+車位,新北市樹林區柑園街一段３６５巷２１號七樓,28.13,,一般農業區,甲種建築用地,1110222,土地1建物1車位1,七層,九層,華廈(10層含以下有電梯),住家用,鋼筋混凝土造,1131107,134.55,3,2,2,有,有,11200000,98688,坡道平面,34.74,1350000,預售屋、或土地及建物分件登記案件；,RPVOMLSKKHKGFIF86DA,58.93,0.0,6.94,有,
泰山區,房地(土地+建物)+車位,新北市泰山區莊泰路１１３６號,24.93,住,,,1110209,土地1建物1車位3,一層，見其他登記事項,十層,華廈(10層含以下有電梯),商業用,鋼筋混凝土造,1131030,226.72000000000003,0,0,0,無,有,31950000,188170,坡道平面,95.19,7200000,預售屋、或土地及建物分件登記案件；,RPSUMLMKJIJGFBF38DA,59.02,0.0,27.12,有,
泰山區,房地(土地+建物)+車位,新北市泰山區信華三街１８１號八樓,15.95,住,,,1110223,土地2建物1車位1,八層,十五層,住宅大樓(11層含以上有電梯),住家用,鋼筋混凝土造,1131128,116.15,3,2,2,有,有,15000000,144515,坡道平面,28.27,2300000,113.07.29讓渡金額1600萬元整預售屋、或土地及建物分件登記案件；,RPWPMLNLRHJGFBF56DA,54.19,0.0,3.37,有,
泰山區,房地(土地+建物)+車位,新北市泰山區信華三街１７９號六樓,11.83,住,,,1110224,土地2建物1車位1,六層,十五層,住宅大樓(11層含以上有電梯),住家用,鋼筋混凝土造,1131128,90.91,2,2,1,有,有,11980000,151464,坡道平面,26.01,2150000,113.05.25讓渡預售屋、或土地及建物分件登記案件；,RPVRMLNLRHJGFBF66DA,35.26,0.0,7.25,有,
土城區,房地(土地+建物),新北市土城區學府路一段９８巷３０之１９號四樓,27.4,住,,,1110225,土地2建物1車位0,四層,十九層,住宅大樓(11層含以上有電梯),住家用,鋼筋混凝土造,1131115,141.98,3,1,2,有,有,17180000,121003,,0.0,0,,RPUTMLKLKHKGFAF38DA,89.12,0.0,4.98,有,
樹林區,房地(土地+建物)+車位,新北市樹林區柑園街一段３６５巷２１之１號九樓,28.13,,一般農業區,甲種建築用地,1110216,土地1建物1車位1,九層,九層,華廈(10層含以下有電梯),住家用,鋼筋混凝土造,1131107,134.55,3,2,2,有,有,11380000,99489,坡道平面,34.74,1450000,預售屋、或土地及建物分件登記案件；,RPTOMLLLKHKGFIF68DA,58.93,0.0,6.94,有,
板橋區,房地(土地+建物)+車位,新北市板橋區華江三路２７１號六樓,6.55,商,,,1110131,土地1建物1車位1,六層,十五層,住宅大樓(11層含以上有電梯),辦公用,鋼筋混凝土造,1140107,90.17,0,0,0,無,有,11900000,154690,坡道平面,29.08,2450000,含傢俱設備費；預售屋、或土地及建物分件登記案件；,RPVPMLPKJHKGFAF38DA,35.52,0.0,4.18,有,
板橋區,房地(土地+建物)+車位,新北市板橋區華江三路２８１號十樓,6.98,商,,,1110103,土地1建物1車位1,十層,十五層,住宅大樓(11層含以上有電梯),住家用,鋼筋混凝土造,1140107,93.84,2,1,1,有,有,13800000,175263,坡道平面,29.08,2450000,買方113年2月26日辦理換約買方主張換約金額為壹仟伍佰陸拾捌萬元整含傢俱設備費；預售屋、或土地及建物分件登記案件；,RPSNNLPKJHKGFAF97DA,39.41,0.0,2.94,有,
板橋區,房地(土地+建物)+車位,新北市板橋區華江三路２５９號二樓,6.41,商,,,1110103,土地1建物1車位1,二層,十五層,住宅大樓(11層含以上有電梯),辦公用,鋼筋混凝土造,1140107,89.12,0,0,0,無,有,11500000,151566,坡道平面,29.08,2400000,113.3.31夫妻讓渡預售屋、或土地及建物分件登記案件；,RPTPMLPJKHKGFAF18DA,36.35,0.0,2.67,有,
板橋區,房地(土地+建物)+車位,新北市板橋區華江三路２６１號四樓,8.55,商,,,1110108,土地1建物1車位1,四層,十五層,住宅大樓(11層含以上有電梯),辦公用,鋼筋混凝土造,1140107,109.43,0,0,0,無,有,14500000,149969,坡道平面,29.08,2450000,113.5.29二親等讓渡預售屋、或土地及建物分件登記案件；,RPVTMLPJKHKGFAF78DA,48.93,0.0,3.29,有,
新店區,房地(土地+建物)+車位,新北市新店區央北二路１３０號七樓,29.24,住,,,1110104,土地1建物1車位1,七層,十三層,住宅大樓(11層含以上有電梯),住家用,鋼筋混凝土構造,1130926,159.32999999999998,3,2,2,有,有,27910000,209763,坡道平面,37.24,2300000,預售屋、或土地及建物分件登記案件；,RPSOMLQLJIJGFCF38DA,74.79,0.0,4.72,有,
新店區,房地(土地+建物)+車位,新北市新店區央北二路１３２號十二樓,34.08,住,,,1110107,土地1建物1車位1,十二層,十三層,住宅大樓(11層含以上有電梯),住家用,鋼筋混凝土構造,1130926,182.86,3,2,2,有,有,33470000,216799,坡道平面,40.47,2600000,預售屋、或土地及建物分件登記案件；,RPXOMLRKJHKGFCF88DA,87.35,0.0,5.38,有,
新店區,房地(土地+建物)+車位,新北市新店區央北二路１３０號九樓,29.24,住,,,1110107,土地1建物1車位1,九層,十三層,住宅大樓(11層含以上有電梯),住家用,鋼筋混凝土構造,1130926,162.56,3,2,2,有,有,28550000,212548,坡道平面,40.47,2600000,預售屋、或土地及建物分件登記案件；,RPQPMLRKJHKGFCF28DA,74.79,0.0,4.72,有,
新店區,房地(土地+建物)+車位,新北市新店區央北二路１３０號十二樓,29.24,住,,,1110107,土地1建物1車位1,十二層,十三層,住宅大樓(11層含以上有電梯),住家用,鋼筋混凝土構造,1130926,162.56,3,2,2,有,有,29120000,217217,坡道平面,40.47,2600000,預售屋、或土地及建物分件登記案件；,RPRPMLRKJHKGFCF38DA,74.79,0.0,4.72,有,
新店區,房地(土地+建物)+車位,新北市新店區央北二路１１８號六樓,20.55,住,,,1110105,土地1建物1車位1,六層,十三層,住宅大樓(11層含以上有電梯),住家用,鋼筋混凝土構造,1130926,126.39,2,2,1,有,有,20330000,208682,坡道平面,40.47,2400000,預售屋、或土地及建物分件登記案件；,RPUVMLRKJHKGFCF66DA,52.63,0.0,3.32,有,
板橋區,房地(土地+建物)+車位,新北市板橋區華江三路２５９號三樓,6.41,商,,,1101217,土地1建物1車位1,三層,十五層,住宅大樓(11層含以上有電梯),辦公用,鋼筋混凝土造,1140107,86.80000000000001,0,0,0,無,有,11500000,152373,坡道平面,26.75,2350000,含傢俱設備費；預售屋、或土地及建物分件登記案件；,RPVNMLQJJHKGFAF18DA,36.43,0.0,2.6,有,
林口區,房地(土地+建物)+車位,新北市林口區文化三路一段１９１巷２５號二十四樓,11.26,住,,,1101203,土地1建物1車位1,二十四層,二十七層,住宅大樓(11層含以上有電梯),住家用,鋼筋混凝土造,1131129,102.22,3,2,1,有,有,13860000,149102,坡道平面,25.36,2400000,預售屋、或土地及建物分件登記案件；,RPSRMLNKKHKGFBF28DA,45.97,0.0,4.82,有,
林口區,房地(土地+建物)+車位,新北市林口區文化三路一段１９１巷２７號二十四樓,13.18,住,,,1101203,土地1建物1車位1,二十四層,二十七層,住宅大樓(11層含以上有電梯),住家用,鋼筋混凝土造,1131129,115.85,3,2,2,有,有,15650000,146425,坡道平面,25.36,2400000,預售屋、或土地及建物分件登記案件；,RPURMLNKKHKGFBF48DA,54.05,0.0,5.36,有,
新莊區,房地(土地+建物)+車位,新北市新莊區坡雅路６７號,18.82,住,,,1101226,土地2建物1車位3,一層，見其他登記事項,十五層,住宅大樓(11層含以上有電梯),商業用,鋼筋混凝土造,1131128,188.45999999999998,1,0,1,有,有,25920000,189291,坡道平面,84.81,6300000,預售屋、或土地及建物分件登記案件；,RPWOMLKLRHJGFBF78DA,50.49,0.0,17.4,有,
板橋區,房地(土地+建物)+車位,新北市板橋區華江三路２５９號十五樓,10.4,商,,,1101119,土地1建物1車位1,十五層,十五層,住宅大樓(11層含以上有電梯),住家用,鋼筋混凝土造,1140107,125.86,3,2,2,有,有,18850000,169456,坡道平面,29.08,2450000,預售屋、或土地及建物分件登記案件；,RPVOMLQJJHKGFAF28DA,59.97,0.0,3.32,有,
板橋區,房地(土地+建物)+車位,新北市板橋區華江三路２６１號三樓,8.55,商,,,1101105,土地1建物1車位1,三層,十五層,住宅大樓(11層含以上有電梯),辦公用,鋼筋混凝土造,1140107,109.43,0,0,0,無,有,14500000,149347,坡道平面,29.08,2500000,含傢俱設備費；預售屋、或土地及建物分件登記案件；,RPOPMLQJJHKGFAF67DA,48.93,0.0,3.29,有,
板橋區,房地(土地+建物)+車位,新北市板橋區華江三路２６９號八樓,6.55,商,,,1101106,土地1建物1車位1,八層,十五層,住宅大樓(11層含以上有電梯),住家用,鋼筋混凝土造,1140107,90.05,2,1,1,有,有,12980000,173528,坡道平面,29.08,2400000,預售屋、或土地及建物分件登記案件；,RPRNNLOKJHKGFAF77DA,34.18,0.0,5.69,有,
板橋區,房地(土地+建物)+車位,新北市板橋區華江三路２６９號十三樓,6.55,商,,,1101126,土地1建物1車位1,十三層,十五層,住宅大樓(11層含以上有電梯),住家用,鋼筋混凝土造,1140107,90.05,2,1,1,有,有,13550000,179597,坡道平面,29.08,2600000,預售屋、或土地及建物分件登記案件；,RPQONLOKJHKGFAF77DA,34.18,0.0,5.69,有,
板橋區,房地(土地+建物)+車位,新北市板橋區華江三路２６９號七樓,6.55,商,,,1101120,土地1建物1車位1,七層,十五層,住宅大樓(11層含以上有電梯),住家用,鋼筋混凝土造,1140107,87.72,2,1,1,有,有,12900000,172216,坡道平面,26.75,2400000,預售屋、或土地及建物分件登記案件；,RPWONLOKJHKGFAF38DA,34.18,0.0,5.69,有,
板橋區,房地(土地+建物)+車位,新北市板橋區華江三路２７７號四樓,8.41,商,,,1101105,土地1建物1車位1,四層,十五層,住宅大樓(11層含以上有電梯),辦公用,鋼筋混凝土造,1140107,107.50999999999999,0,0,0,無,有,14470000,150708,坡道平面,29.08,2650000,含傢俱設備費；預售屋、或土地及建物分件登記案件；,RPXTMLPKJHKGFAF98DA,47.44,0.0,3.54,有,
板橋區,房地(土地+建物)+車位,新北市板橋區華江三路２７９號四樓,6.7,商,,,1101113,土地1建物1車位1,四層,十五層,住宅大樓(11層含以上有電梯),辦公用,鋼筋混凝土造,1140107,88.52,0,0,0,無,有,12180000,157520,坡道平面,26.75,2450000,含傢俱設備費；預售屋、或土地及建物分件登記案件；,RPUVMLPKJHKGFAF88DA,36.82,0.0,3.33,有,
板橋區,房地(土地+建物)+車位,新北市板橋區華江三路２７９號六樓,6.7,商,,,1101127,土地1建物1車位1,六層,十五層,住宅大樓(11層含以上有電梯),辦公用,鋼筋混凝土造,1140107,88.52,0,0,0,無,有,11990000,156872,坡道平面,26.75,2300000,預售屋、或土地及建物分件登記案件；,RPWVMLPKJHKGFAF09DA,36.82,0.0,3.33,有,
板橋區,房地(土地+建物)+車位,新北市板橋區華江三路２８１號十二樓,6.98,商,,,1101120,土地1建物1車位1,十二層,十五層,住宅大樓(11層含以上有電梯),住家用,鋼筋混凝土造,1140107,93.84,2,1,1,有,有,13180000,168005,坡道平面,29.08,2300000,預售屋、或土地及建物分件登記案件；,RPUNNLPKJHKGFAF18DA,39.41,0.0,2.94,有,
板橋區,房地(土地+建物)+車位,新北市板橋區華江三路２７９號三樓,6.7,商,,,1101112,土地1建物1車位1,三層,十五層,住宅大樓(11層含以上有電梯),辦公用,鋼筋混凝土造,1140107,90.85,0,0,0,無,有,12000000,157034,坡道平面,29.08,2300000,預售屋、或土地及建物分件登記案件；,RPRRNLPKJHKGFAF28DA,36.82,0.0,3.33,有,
板橋區,房地(土地+建物)+車位,新北市板橋區華江三路２８１號五樓,8.41,商,,,1101127,土地1建物1車位1,五層,十五層,住宅大樓(11層含以上有電梯),辦公用,鋼筋混凝土造,1140107,107.35,0,0,0,無,有,13750000,146288,坡道平面,29.08,2300000,113.6.1夫妻讓渡預售屋、或土地及建物分件登記案件；,RPTWOLRJKHKGFAF66DA,47.33,0.0,3.54,有,
板橋區,房地(土地+建物)+車位,新北市板橋區華江三路２７７號十五樓,8.83,商,,,1101110,土地1建物1車位1,十五層,十五層,住宅大樓(11層含以上有電梯),住家用,鋼筋混凝土造,1140107,111.03,3,2,2,有,有,16380000,168761,坡道平面,29.08,2550000,113/04/08讓渡預售屋、或土地及建物分件登記案件；,RPSPMLRKKHKGFAF38DA,47.19,0.0,6.4,有,
林口區,房地(土地+建物)+車位,新北市林口區文化三路一段１９１巷１７號十樓,16.47,住,,,1101122,土地1建物1車位1,十層,二十七層,住宅大樓(11層含以上有電梯),住家用,鋼筋混凝土造,1131129,138.15,3,2,2,有,有,17850000,138753,坡道平面,25.36,2200000,預售屋、或土地及建物分件登記案件；,RPRQMLNKKHKGFBF08DA,67.76,0.0,6.77,有,
板橋區,房地(土地+建物)+車位,新北市板橋區華江三路２８１號九樓,6.98,商,,,1101113,土地1建物1車位1,九層,十五層,住宅大樓(11層含以上有電梯),住家用,鋼筋混凝土造,1140107,93.84,2,1,1,有,有,13200000,166770,坡道平面,29.08,2400000,預售屋、或土地及建物分件登記案件；,RPRNNLPKJHKGFAF87DA,39.41,0.0,2.94,有,
板橋區,房地(土地+建物),新北市板橋區華江三路２６５號三樓,8.26,商,,,1101009,土地1建物1車位0,三層,十五層,住宅大樓(11層含以上有電梯),辦公用,鋼筋混凝土造,1140107,76.81,0,0,0,無,有,12450000,162088,,0.0,0,預售屋、或土地及建物分件登記案件；,RPSOMLOKJHKGFAF87DA,46.57,0.0,3.35,有,
林口區,房地(土地+建物)+車位,新北市林口區文化三路一段１９１巷２１號十四樓,8.51,住,,,1101021,土地1建物1車位1,十四層,二十七層,住宅大樓(11層含以上有電梯),住家用,鋼筋混凝土造,1131129,82.91,2,1,1,有,有,11370000,149614,坡道平面,23.29,2450000,預售屋、或土地及建物分件登記案件；,RPPPMLNKKHKGFBF77DA,35.2,0.0,4.2,有,
林口區,房地(土地+建物)+車位,新北市林口區文化三路一段１９１巷２３號十八樓,13.45,住,,,1101005,土地1建物1車位1,十八層,二十七層,住宅大樓(11層含以上有電梯),住家用,鋼筋混凝土造,1131129,117.88,3,2,2,有,有,15170000,140726,坡道平面,25.36,2150000,本案於112.5.24.權利轉讓，權利轉讓總金額1580萬元整。預售屋、或土地及建物分件登記案件；,RPXQMLNKKHKGFBF68DA,55.79,0.0,5.35,有,
樹林區,房地(土地+建物)+車位,新北市樹林區學林路１５７號二樓,34.5,住,,,1101004,土地1建物1車位1,二層,六層,華廈(10層含以下有電梯),住家用,鋼筋混凝土造,1131220,168.54000000000002,2,2,2,有,有,15180000,126818,升降平面,59.88,1400000,土地價款:827萬元整建物價款:551萬元整預售屋、或土地及建物分件登記案件；,RPSOMLOKJHKGFIF68DA,67.76,0.0,4.41,有,
樹林區,房地(土地+建物)+車位,新北市樹林區學林路１５７號六樓,34.5,住,,,1101002,土地1建物1車位1,六層,六層,華廈(10層含以下有電梯),住家用,鋼筋混凝土造,1131220,168.54000000000002,3,2,2,有,有,16020000,134548,升降平面,59.88,1400000,土地價款:877萬元整建物價款:585萬元整預售屋、或土地及建物分件登記案件；,RPWOMLOKJHKGFIF09DA,67.76,0.0,4.41,有,
樹林區,房地(土地+建物),新北市樹林區學林路１５５號二樓,12.07,住,,,1101003,土地1建物1車位0,二層,六層,華廈(10層含以下有電梯),住家用,鋼筋混凝土造,1131220,38.29,1,1,1,有,有,4850000,126665,,0.0,0,土地價款:291萬元整建物價款:194萬元整111.07.28讓渡總價不變預售屋、或土地及建物分件登記案件；,RPWNMLPKJHKGFIF09DA,22.0,0.0,3.51,有,
樹林區,房地(土地+建物),新北市樹林區學林路１５５號三樓,12.07,住,,,1101001,土地1建物1車位0,三層,六層,華廈(10層含以下有電梯),住家用,鋼筋混凝土造,1131220,38.29,1,1,1,有,有,4900000,127971,,0.0,0,土地價款:294萬元整建物價款:196萬元整110.12.11讓渡讓渡金額為505萬元整112.03.31讓渡讓渡金額為570萬元整預售屋、或土地及建物分件登記案件；,RPQOMLPKJHKGFIF58DA,22.0,0.0,3.51,有,
樹林區,房地(土地+建物)+車位,新北市樹林區學林路１５３號二樓,23.69,住,,,1101002,土地1建物1車位1,二層,六層,華廈(10層含以下有電梯),住家用,鋼筋混凝土造,1131220,134.88,0,2,1,有,有,11040000,127200,升降平面,59.88,1500000,土地價款:573萬元整建物價款:381萬元整110.12.18讓渡總價不變113.06.29讓渡總價不變預售屋、或土地及建物分件登記案件；,RPUPMLPKJHKGFIF09DA,46.85,0.0,3.1,有,
樹林區,房地(土地+建物)+車位,新北市樹林區學林路１５３號六樓,23.69,住,,,1101004,土地1建物1車位1,六層,六層,華廈(10層含以下有電梯),住家用,鋼筋混凝土造,1131220,134.88,2,2,1,有,有,11200000,129333,升降平面,59.88,1500000,土地價款:582萬元整建物價款:388萬元整111.03.02讓渡讓渡金額為1140萬元整預售屋、或土地及建物分件登記案件；,RPRQMLPKJHKGFIF88DA,46.85,0.0,3.1,有,
樹林區,房地(土地+建物)+車位,新北市樹林區學林路１５１號二樓,22.88,住,,,1101004,土地1建物1車位1,二層,六層,華廈(10層含以下有電梯),住家用,鋼筋混凝土造,1131220,131.98000000000002,2,2,1,有,有,10500000,127601,升降平面,59.88,1300000,土地價款:552萬元整建物價款:368萬元整112.02.23讓渡讓渡金額為1112萬元整預售屋、或土地及建物分件登記案件；,RPSQMLPKJHKGFIF98DA,44.82,0.0,3.13,有,
樹林區,房地(土地+建物)+車位,新北市樹林區學林路１５１號四樓,22.88,住,,,1101003,土地1建物1車位1,四層,六層,華廈(10層含以下有電梯),住家用,鋼筋混凝土造,1131220,131.98000000000002,1,1,1,有,有,10700000,128988,升降平面,59.88,1400000,土地價款:558萬元整建物價款:372萬元整預售屋、或土地及建物分件登記案件；,RPXQMLPKJHKGFIF86DA,44.82,0.0,3.13,有,
樹林區,房地(土地+建物)+車位,新北市樹林區學林路１５１號六樓,22.88,住,,,1101004,土地1建物1車位1,六層,六層,華廈(10層含以下有電梯),住家用,鋼筋混凝土造,1131220,131.98000000000002,0,2,1,有,有,10690000,130236,升降平面,59.88,1300000,土地價款:564萬元整建物價款:375萬元整111.05.20讓渡讓渡金額為1080萬元整預售屋、或土地及建物分件登記案件；,RPVRMLPKJHKGFIF76DA,44.82,0.0,3.13,有,
樹林區,房地(土地+建物),新北市樹林區學林路１４９號三樓,16.73,住,,,1101001,土地1建物1車位0,三層,六層,華廈(10層含以下有電梯),住家用,鋼筋混凝土造,1131220,53.08,1,2,1,有,有,6800000,128109,,0.0,0,土地價款:408萬元整建物價款:272萬元整111.04.10讓渡讓渡金額為685萬元整預售屋、或土地及建物分件登記案件；,RPPNMLQKJHKGFIF48DA,31.87,0.0,3.51,有,
樹林區,房地(土地+建物),新北市樹林區學林路１４９號四樓,16.73,住,,,1101003,土地1建物1車位0,四層,六層,華廈(10層含以下有電梯),住家用,鋼筋混凝土造,1131220,53.08,1,2,1,有,有,6900000,129992,,0.0,0,土地價款:414萬元整建物價款:276萬元整111.12.15讓渡讓渡金額為700萬元整預售屋、或土地及建物分件登記案件；,RPQNMLQKJHKGFIF58DA,31.87,0.0,3.51,有,
樹林區,房地(土地+建物),新北市樹林區學林路１４７號二樓,26.21,住,,,1101002,土地1建物1車位0,二層,六層,華廈(10層含以下有電梯),住家用,鋼筋混凝土造,1131220,83.19,2,2,1,有,有,10280000,123573,,0.0,0,土地價款:617萬元整建物價款:411萬元整113.09.21更名預售屋、或土地及建物分件登記案件；,RPSNMLQKJHKGFIF78DA,51.75,0.0,3.7,有,
樹林區,房地(土地+建物)+車位,新北市樹林區學林路１４７號四樓,26.21,都市：其他:住宅區,,,1101004,土地1建物1車位1,四層,六層,華廈(10層含以下有電梯),住家用,鋼筋混凝土造,1131220,143.06,2,2,1,有,有,11800000,126232,升降平面,59.88,1300000,土地價款:630萬元整建物價款:420萬元整113.03.08讓渡讓渡金額為1313萬元整預售屋、或土地及建物分件登記案件；,RPUNMLQKJHKGFIF98DA,51.75,0.0,3.7,有,
樹林區,房地(土地+建物)+車位,新北市樹林區學林路１４７號五樓,26.21,住,,,1101002,土地1建物1車位1,五層,六層,華廈(10層含以下有電梯),住家用,鋼筋混凝土造,1131220,138.07,2,2,1,有,有,11980000,127179,升降平面,54.88,1400000,土地價款:635萬元整建物價款:423萬元整預售屋、或土地及建物分件登記案件；,RPWNMLQKJHKGFIF56DA,51.75,0.0,3.7,有,
樹林區,房地(土地+建物)+車位,新北市樹林區學林路１５１號三樓,22.88,都市：其他:住宅區,,,1101001,土地1建物1車位1,三層,六層,華廈(10層含以下有電梯),住家用,鋼筋混凝土造,1131220,126.99000000000001,2,2,1,有,有,10610000,129108,升降平面,54.88,1300000,土地價款:559萬元整建物價款:372萬元整110.11.26讓渡讓渡金額為1218萬元整111.09.30更名預售屋、或土地及建物分件登記案件；,RPQNMLRKKHKGFIF78DA,44.82,0.0,3.13,有,
樹林區,房地(土地+建物),新北市樹林區學林路１５３號三樓,23.69,住,,,1101001,土地1建物1車位0,三層,六層,華廈(10層含以下有電梯),住家用,鋼筋混凝土造,1131220,75.01,2,2,1,有,有,9400000,125317,,0.0,0,土地價款:564萬元整建物價款:376萬元整113.09.20更名預售屋、或土地及建物分件登記案件；,RPSNMLRKKHKGFIF98DA,46.85,0.0,3.1,有,
三峽區,土地,溪北段971地號,1107.29,,河川區,農牧用地,1101005,土地1建物0車位0,,,其他,,,,0.0,0,0,0,無,無,996561,900,,0.0,0,,RPUOMLTKJIJGFIF76DA,0.0,0.0,0.0,無,
板橋區,房地(土地+建物),新北市板橋區華江三路２５９號六樓,6.41,商,,,1100927,土地1建物1車位0,六層,十五層,住宅大樓(11層含以上有電梯),辦公用,鋼筋混凝土造,1140107,60.05,0,0,0,無,有,9900000,164863,,0.0,0,預售屋、或土地及建物分件登記案件；,RPOOMLQJJHKGFAF57DA,36.43,0.0,2.6,有,
板橋區,房地(土地+建物)+車位,新北市板橋區華江三路２６５號十四樓,10.54,商,,,1100924,土地1建物1車位1,十四層,十五層,住宅大樓(11層含以上有電梯),住家用,鋼筋混凝土造,1140107,126.6,3,2,2,有,有,19200000,170734,坡道平面,29.08,2550000,含傢俱設備費；預售屋、或土地及建物分件登記案件；,RPSVMLOKJHKGFAF58DA,60.38,0.0,3.4,有,
板橋區,房地(土地+建物)+車位,新北市板橋區華江三路２７９號五樓,6.7,商,,,1100918,土地1建物1車位1,五層,十五層,住宅大樓(11層含以上有電梯),辦公用,鋼筋混凝土造,1140107,90.85,0,0,0,無,有,12000000,157034,坡道平面,29.08,2300000,含傢俱設備費；預售屋、或土地及建物分件登記案件；,RPVVMLPKJHKGFAF98DA,36.82,0.0,3.33,有,
板橋區,房地(土地+建物)+車位,新北市板橋區華江三路２７９號七樓,9.69,商,,,1100913,土地1建物1車位1,七層,十五層,住宅大樓(11層含以上有電梯),住家用,鋼筋混凝土造,1140107,118.9,3,2,2,有,有,17180000,161768,坡道平面,29.08,2650000,預售屋、或土地及建物分件登記案件；,RPXVMLPKJHKGFAF56DA,55.32,0.0,3.42,有,
板橋區,房地(土地+建物)+車位,新北市板橋區華江三路２８１號十三樓,6.98,商,,,1100908,土地1建物1車位1,十三層,十五層,住宅大樓(11層含以上有電梯),住家用,鋼筋混凝土造,1140107,93.84,2,1,1,有,有,13580000,170321,坡道平面,29.08,2550000,含傢俱設備費；預售屋、或土地及建物分件登記案件；,RPVNNLPKJHKGFAF28DA,39.41,0.0,2.94,有,
板橋區,房地(土地+建物)+車位,新北市板橋區華江三路２６３號九樓,8.41,商,,,1100926,土地1建物1車位1,九層,十五層,住宅大樓(11層含以上有電梯),住家用,鋼筋混凝土造,1140107,106.55,3,2,2,有,有,15900000,172970,坡道平面,29.08,2500000,預售屋、或土地及建物分件登記案件；,RPSUNLPKJHKGFAF68DA,44.84,0.0,5.82,有,
土城區,房地(土地+建物)+車位,新北市土城區青和街２９３號十二樓,21.94,住,,,1100926,土地1建物1車位1,十二層,十二層,住宅大樓(11層含以上有電梯),住家用,鋼筋混凝土造,1131015,144.57999999999998,3,1,2,有,有,18180000,125744,坡道平面,40.57,0,預售屋、或土地及建物分件登記案件；,RPWOMLTKJHKGFAF78DA,62.5,0.0,4.7,有,
土城區,房地(土地+建物)+車位,新北市土城區青和街２９５號二樓,21.89,住,,,1100921,土地1建物1車位1,二層,十二層,住宅大樓(11層含以上有電梯),住家用,鋼筋混凝土造,1131015,146.89999999999998,3,1,2,有,有,15580000,106059,坡道平面,40.57,0,預售屋、或土地及建物分件登記案件；,RPUPMLTKJHKGFAF68DA,62.36,0.0,7.24,有,
板橋區,房地(土地+建物)+車位,新北市板橋區華江三路２６９號九樓,6.55,商,,,1100822,土地1建物1車位1,九層,十五層,住宅大樓(11層含以上有電梯),住家用,鋼筋混凝土造,1140107,90.05,2,1,1,有,有,13080000,173528,坡道平面,29.08,2500000,含傢俱設備費；預售屋、或土地及建物分件登記案件；,RPSNNLOKJHKGFAF87DA,34.18,0.0,5.69,有,
板橋區,房地(土地+建物)+車位,新北市板橋區華江三路２７３號十五樓,9.69,商,,,1100820,土地1建物1車位1,十五層,十五層,住宅大樓(11層含以上有電梯),住家用,鋼筋混凝土造,1140107,116.58,3,2,2,有,有,17000000,164756,坡道平面,26.75,2200000,含傢俱設備費；預售屋、或土地及建物分件登記案件；,RPQSMLPKJHKGFAF18DA,55.32,0.0,3.43,有,
三重區,房地(土地+建物)+車位,新北市三重區大有街５８號六樓之十,11.55,住,,,1100814,土地2建物1車位1,六層,十五層,住宅大樓(11層含以上有電梯),住家用,鋼筋混凝土造,1130903,90.28,3,2,1,有,有,12180000,140401,坡道平面,19.91,2300000,含傢俱設備費；預售屋、或土地及建物分件登記案件；,RPVUMLOJRHJGFGF37DA,43.35,0.0,2.74,有,
板橋區,房地(土地+建物)+車位,新北市板橋區華江三路２７９號十一樓,9.69,商,,,1100712,土地1建物1車位1,十一層,十五層,住宅大樓(11層含以上有電梯),住家用,鋼筋混凝土造,1140107,116.57,3,2,2,有,有,16800000,161434,坡道平面,26.75,2300000,預售屋、或土地及建物分件登記案件；,RPRWMLPKJHKGFAF68DA,55.32,0.0,3.42,有,
林口區,房地(土地+建物)+車位,新北市林口區民富街９２號八樓,10.99,商,,,1100721,土地1建物1車位1,八層,十五層,住宅大樓(11層含以上有電梯),住家用,鋼筋混凝土造,1131113,129.44,2,2,2,有,有,12070000,103250,坡道平面,31.91,2000000,110.12.9權利轉讓，原價轉讓預售屋、或土地及建物分件登記案件；,RPPNMLKLKHKGFBF47EA,60.52,0.0,4.55,有,
林口區,房地(土地+建物)+車位,新北市林口區民富街９２號十樓,10.99,商,,,1100725,土地1建物1車位1,十層,十五層,住宅大樓(11層含以上有電梯),住家用,鋼筋混凝土造,1131113,129.44,2,2,2,有,有,12250000,105096,坡道平面,31.91,2000000,111.9.1權利轉讓，總價1230萬元。113.11.25更名，原價轉讓預售屋、或土地及建物分件登記案件；,RPQNMLKLKHKGFBF57EA,60.52,0.0,4.55,有,
板橋區,房地(土地+建物)+車位,新北市板橋區華江三路２８１號十一樓,6.98,商,,,1100628,土地1建物1車位1,十一層,十五層,住宅大樓(11層含以上有電梯),住家用,鋼筋混凝土造,1140107,93.84,2,1,1,有,有,12800000,161365,坡道平面,29.08,2350000,預售屋、或土地及建物分件登記案件；,RPTNNLPKJHKGFAF08DA,39.41,0.0,2.94,有,
淡水區,房地(土地+建物)+車位,新北市淡水區中山北路三段３９號十五樓,24.22,住,,,1100603,土地1建物1車位1,十五層,十五層,住宅大樓(11層含以上有電梯),住家用,鋼筋混凝土造,1131128,169.98000000000002,3,2,2,有,有,13980000,89315,坡道平面,31.93,1650000,113.06.03辦理指定登記名義人預售屋、或土地及建物分件登記案件；,RPSNMLMLKHKGFEF18DA,82.44,4.49,4.87,有,
土城區,房地(土地+建物)+車位,新北市土城區青和街２９１號十一樓,21.85,住,,,1100502,土地1建物1車位1,十一層,十一層,住宅大樓(11層含以上有電梯),住家用,鋼筋混凝土造,1131015,144.39999999999998,3,1,2,有,有,14000000,96953,坡道平面,40.57,0,預售屋、或土地及建物分件登記案件；,RPTPMLTKJHKGFAF58DA,62.31,0.0,4.85,有,
林口區,房地(土地+建物)+車位,新北市林口區文化三路一段１９１巷２５號二十六樓,11.26,住,,,1100511,土地1建物1車位1,二十六層,二十七層,住宅大樓(11層含以上有電梯),住家用,鋼筋混凝土造,1131129,102.22,3,2,1,有,有,13270000,146630,坡道平面,25.36,2000000,本案於112.12.26.權利轉讓，權利轉讓總金額1450萬元整。預售屋、或土地及建物分件登記案件；,RPUPMLNKKHKGFBF28DA,45.97,0.0,4.82,有,
林口區,房地(土地+建物)+車位,新北市林口區文化一路一段１５巷２號三樓之２,25.23,住,,,1100510,土地1建物1車位1,三層,十一層,住宅大樓(11層含以上有電梯),住家用,鋼筋混凝土造,1131209,125.91,2,2,2,有,有,12500000,115227,坡道平面,33.05,1800000,預售屋、或土地及建物分件登記案件；,RPVNMLTKKHKGFBF78DA,55.53,0.0,4.19,有,
淡水區,房地(土地+建物)+車位,新北市淡水區中山北路三段４５號四樓,14.71,住,,,1100509,土地1建物1車位1,四層,十五層,住宅大樓(11層含以上有電梯),住家用,鋼筋混凝土造,1131128,102.05,2,2,2,有,有,7800000,79070,坡道機械,18.58,1200000,預售屋、或土地及建物分件登記案件；,RPTNMLMLKHKGFEF28DA,49.47,2.57,3.35,有,
淡水區,房地(土地+建物)+車位,新北市淡水區中山北路三段４９號四樓,16.49,住,,,1100514,土地1建物1車位1,四層,十五層,住宅大樓(11層含以上有電梯),住家用,鋼筋混凝土造,1131128,111.88,2,2,2,有,有,7900000,76033,坡道機械,18.5,800000,預售屋、或土地及建物分件登記案件；,RPUNMLMLKHKGFEF38DA,55.89,2.37,3.69,有,
板橋區,房地(土地+建物)+車位,新北市板橋區華江三路２５９號五樓,6.41,商,,,1100419,土地1建物1車位1,五層,十五層,住宅大樓(11層含以上有電梯),辦公用,鋼筋混凝土造,1140107,86.80000000000001,0,0,0,無,有,10600000,143214,坡道平面,26.75,2000000,含傢俱設備費；預售屋、或土地及建物分件登記案件；,RPXNMLQJJHKGFAF38DA,36.43,0.0,2.6,有,
板橋區,房地(土地+建物)+車位,新北市板橋區華江三路２７３號七樓,9.69,商,,,1100424,土地1建物1車位1,七層,十五層,住宅大樓(11層含以上有電梯),住家用,鋼筋混凝土造,1140107,118.91,3,2,2,有,有,16880000,162307,坡道平面,29.08,2300000,含傢俱設備費；預售屋、或土地及建物分件登記案件；,RPRRMLPKJHKGFAF18DA,55.32,0.0,3.43,有,
板橋區,房地(土地+建物)+車位,新北市板橋區華江三路２７３號十三樓,9.69,商,,,1100418,土地1建物1車位1,十三層,十五層,住宅大樓(11層含以上有電梯),住家用,鋼筋混凝土造,1140107,118.91,3,2,2,有,有,17150000,164756,坡道平面,29.08,2350000,含傢俱設備費；預售屋、或土地及建物分件登記案件；,RPOSMLPKJHKGFAF97DA,55.32,0.0,3.43,有,
板橋區,房地(土地+建物)+車位,新北市板橋區華江三路２７５號十五樓,8.83,商,,,1100428,土地1建物1車位1,十五層,十五層,住宅大樓(11層含以上有電梯),住家用,鋼筋混凝土造,1140107,111.03,3,2,2,有,有,16000000,168395,坡道平面,29.08,2200000,預售屋、或土地及建物分件登記案件；,RPWTMLPKJHKGFAF88DA,47.19,0.0,6.4,有,
板橋區,房地(土地+建物)+車位,新北市板橋區華江三路２７９號十五樓,9.69,商,,,1100402,土地1建物1車位1,十五層,十五層,住宅大樓(11層含以上有電梯),住家用,鋼筋混凝土造,1140107,118.9,3,2,2,有,有,16600000,159207,坡道平面,29.08,2300000,含傢俱設備費；預售屋、或土地及建物分件登記案件；,RPUWMLPKJHKGFAF98DA,55.32,0.0,3.42,有,
板橋區,房地(土地+建物)+車位,新北市板橋區華江三路２８１號十五樓,6.98,商,,,1100415,土地1建物1車位1,十五層,十五層,住宅大樓(11層含以上有電梯),住家用,鋼筋混凝土造,1140107,93.84,2,1,1,有,有,12800000,164453,坡道平面,29.08,2150000,含傢俱設備費；預售屋、或土地及建物分件登記案件；,RPXNNLPKJHKGFAF48DA,39.41,0.0,2.94,有,
土城區,房地(土地+建物)+車位,新北市土城區青和街２９３號四樓,21.73,住,,,1100401,土地1建物1車位1,四層,十二層,住宅大樓(11層含以上有電梯),住家用,鋼筋混凝土造,1131015,146.14999999999998,3,1,2,有,有,13600000,93055,坡道平面,40.57,0,預售屋、或土地及建物分件登記案件；,RPTNMLTKJHKGFAF38DA,61.91,0.0,7.19,有,
土城區,房地(土地+建物)+車位,新北市土城區青和街２９１號四樓,21.85,住,,,1100402,土地1建物1車位1,四層,十一層,住宅大樓(11層含以上有電梯),住家用,鋼筋混凝土造,1131015,144.39999999999998,3,1,2,有,有,13330000,92313,坡道平面,40.57,0,預售屋、或土地及建物分件登記案件；,RPVNMLTKJHKGFAF58DA,62.31,0.0,4.85,有,
土城區,房地(土地+建物)+車位,新北市土城區青和街２９３號三樓,21.73,住,,,1100420,土地1建物1車位1,三層,十二層,住宅大樓(11層含以上有電梯),住家用,鋼筋混凝土造,1131015,146.14999999999998,3,1,2,有,有,13930000,95313,坡道平面,40.57,0,預售屋、或土地及建物分件登記案件；,RPPOMLTKJHKGFAF08DA,61.91,0.0,7.19,有,
土城區,房地(土地+建物)+車位,新北市土城區青和街２９３號五樓,21.73,住,,,1100404,土地1建物1車位1,五層,十二層,住宅大樓(11層含以上有電梯),住家用,鋼筋混凝土造,1131015,146.14999999999998,3,1,2,有,有,13840000,94697,坡道平面,40.57,0,原王○○112/10/03轉讓預售屋、或土地及建物分件登記案件；,RPQOMLTKJHKGFAF18DA,61.91,0.0,7.19,有,
土城區,房地(土地+建物)+車位,新北市土城區青和街２９３號六樓,21.73,住,,,1100412,土地1建物1車位1,六層,十二層,住宅大樓(11層含以上有電梯),住家用,鋼筋混凝土造,1131015,146.14999999999998,3,1,2,有,有,13850000,94766,坡道平面,40.57,0,預售屋、或土地及建物分件登記案件；,RPROMLTKJHKGFAF28DA,61.91,0.0,7.19,有,
土城區,房地(土地+建物)+車位,新北市土城區青和街２９３號七樓,21.73,住,,,1100410,土地1建物1車位1,七層,十二層,住宅大樓(11層含以上有電梯),住家用,鋼筋混凝土造,1131015,146.14999999999998,3,1,2,有,有,14000000,95792,坡道平面,40.57,0,預售屋、或土地及建物分件登記案件；,RPSOMLTKJHKGFAF38DA,61.91,0.0,7.19,有,
土城區,房地(土地+建物)+車位,新北市土城區青和街２９３號八樓,21.73,住,,,1100418,土地1建物1車位1,八層,十二層,住宅大樓(11層含以上有電梯),住家用,鋼筋混凝土造,1131015,146.14999999999998,3,1,2,有,有,14090000,96408,坡道平面,40.57,0,預售屋、或土地及建物分件登記案件；,RPTOMLTKJHKGFAF48DA,61.91,0.0,7.19,有,
土城區,房地(土地+建物)+車位,新北市土城區青和街２９１號三樓,21.85,住,,,1100417,土地1建物1車位1,三層,十一層,住宅大樓(11層含以上有電梯),住家用,鋼筋混凝土造,1131015,144.39999999999998,3,1,2,有,有,13500000,93490,坡道平面,40.57,0,預售屋、或土地及建物分件登記案件；,RPOPMLTKJHKGFAF08DA,62.31,0.0,4.85,有,
土城區,房地(土地+建物)+車位,新北市土城區青和街２９１號五樓,21.85,住,,,1100423,土地1建物1車位1,五層,十一層,住宅大樓(11層含以上有電梯),住家用,鋼筋混凝土造,1131015,144.39999999999998,3,1,2,有,有,13900000,96260,坡道平面,40.57,0,預售屋、或土地及建物分件登記案件；,RPPPMLTKJHKGFAF18DA,62.31,0.0,4.85,有,
土城區,房地(土地+建物)+車位,新北市土城區青和街２９１號七樓,21.85,住,,,1100403,土地1建物1車位1,七層,十一層,住宅大樓(11層含以上有電梯),住家用,鋼筋混凝土造,1131015,144.39999999999998,3,1,2,有,有,13800000,95568,坡道平面,40.57,0,預售屋、或土地及建物分件登記案件；,RPQPMLTKJHKGFAF28DA,62.31,0.0,4.85,有,
土城區,房地(土地+建物)+車位,新北市土城區青和街２９１號九樓,21.85,住,,,1100410,土地1建物1車位1,九層,十一層,住宅大樓(11層含以上有電梯),住家用,鋼筋混凝土造,1131015,144.39999999999998,3,1,2,有,有,13900000,96260,坡道平面,40.57,0,預售屋、或土地及建物分件登記案件；,RPRPMLTKJHKGFAF38DA,62.31,0.0,4.85,有,
土城區,房地(土地+建物)+車位,新北市土城區青和街２９５號三樓,21.89,住,,,1100405,土地1建物1車位1,三層,十二層,住宅大樓(11層含以上有電梯),住家用,鋼筋混凝土造,1131015,146.89999999999998,3,1,2,有,有,13500000,91899,坡道平面,40.57,0,預售屋、或土地及建物分件登記案件；,RPVPMLTKJHKGFAF78DA,62.36,0.0,7.24,有,
土城區,房地(土地+建物)+車位,新北市土城區青和街２９５號五樓,21.89,住,,,1100411,土地1建物1車位1,五層,十二層,住宅大樓(11層含以上有電梯),住家用,鋼筋混凝土造,1131015,146.89999999999998,3,1,2,有,有,13900000,94622,坡道平面,40.57,0,預售屋、或土地及建物分件登記案件；,RPXPMLTKJHKGFAF98DA,62.36,0.0,7.24,有,
土城區,房地(土地+建物)+車位,新北市土城區青和街２９５號六樓,21.89,住,,,1100402,土地1建物1車位1,六層,十二層,住宅大樓(11層含以上有電梯),住家用,鋼筋混凝土造,1131015,146.89999999999998,3,1,2,有,有,13570000,92376,坡道平面,40.57,0,原葉○○113/03/22更名預售屋、或土地及建物分件登記案件；,RPOQMLTKJHKGFAF18DA,62.36,0.0,7.24,有,
土城區,房地(土地+建物)+車位,新北市土城區青和街２９５號七樓,21.89,住,,,1100403,土地1建物1車位1,七層,十二層,住宅大樓(11層含以上有電梯),住家用,鋼筋混凝土造,1131015,146.89999999999998,3,1,2,有,有,13750000,93601,坡道平面,40.57,0,預售屋、或土地及建物分件登記案件；,RPPQMLTKJHKGFAF28DA,62.36,0.0,7.24,有,
土城區,房地(土地+建物)+車位,新北市土城區青和街２９５號八樓,21.89,住,,,1100401,土地1建物1車位1,八層,十二層,住宅大樓(11層含以上有電梯),住家用,鋼筋混凝土造,1131015,146.89999999999998,3,1,2,有,有,13930000,94826,坡道平面,40.57,0,預售屋、或土地及建物分件登記案件；,RPQQMLTKJHKGFAF38DA,62.36,0.0,7.24,有,
土城區,房地(土地+建物)+車位,新北市土城區青和街２９５號十樓,21.89,住,,,1100408,土地1建物1車位1,十層,十二層,住宅大樓(11層含以上有電梯),住家用,鋼筋混凝土造,1131015,146.89999999999998,3,1,2,有,有,14180000,96528,坡道平面,40.57,0,原邱○○113/09/10更名預售屋、或土地及建物分件登記案件；,RPRQMLTKJHKGFAF48DA,62.36,0.0,7.24,有,
土城區,房地(土地+建物)+車位,新北市土城區青和街２９５號十一樓,21.89,住,,,1100409,土地1建物1車位1,十一層,十二層,住宅大樓(11層含以上有電梯),住家用,鋼筋混凝土造,1131015,146.89999999999998,3,1,2,有,有,14250000,97005,坡道平面,40.57,0,預售屋、或土地及建物分件登記案件；,RPSQMLTKJHKGFAF58DA,62.36,0.0,7.24,有,
土城區,房地(土地+建物)+車位,新北市土城區青和街２９５號十二樓,21.89,住,,,1100412,土地1建物1車位1,十二層,十二層,住宅大樓(11層含以上有電梯),住家用,鋼筋混凝土造,1131015,144.35,3,1,2,有,有,13860000,96017,坡道平面,40.57,0,預售屋、或土地及建物分件登記案件；,RPTQMLTKJHKGFAF68DA,62.36,0.0,4.69,有,
板橋區,房地(土地+建物)+車位,新北市板橋區華江三路２７９號十三樓,9.69,商,,,1100419,土地1建物1車位1,十三層,十五層,住宅大樓(11層含以上有電梯),住家用,鋼筋混凝土造,1140107,118.9,3,2,2,有,有,16700000,160321,坡道平面,29.08,2300000,113.6.2二親等讓渡含傢俱設備費；預售屋、或土地及建物分件登記案件；,RPPVOLRJKHKGFAF78DA,55.32,0.0,3.42,有,
板橋區,房地(土地+建物)+車位,新北市板橋區華江三路２７７號十二樓,8.83,商,,,1100421,土地1建物1車位1,十二層,十五層,住宅大樓(11層含以上有電梯),住家用,鋼筋混凝土造,1140107,111.03,3,2,2,有,有,15580000,162050,坡道平面,29.08,2300000,111.3.15讓渡含傢俱設備費；預售屋、或土地及建物分件登記案件；,RPTPPLRJKHKGFAF68DA,47.19,0.0,6.4,有,
林口區,房地(土地+建物)+車位,新北市林口區民富街７３號八樓,10.51,商,,,1100406,土地1建物1車位1,八層,二十三層,住宅大樓(11層含以上有電梯),住家用,鋼筋混凝土造,1130903,145.69,3,2,2,有,有,16070000,113315,坡道平面,20.64,1900000,預售屋、或土地及建物分件登記案件；,RPUNMLQLKIJGFBF48DA,73.58,4.16,6.02,有,
三重區,房地(土地+建物)+車位,新北市三重區仁義街３７巷５６號,23.98,住,,,1100413,土地1建物1車位1,一層,十四層,住宅大樓(11層含以上有電梯),住家用,鋼筋混凝土造,1130729,165.49,3,2,2,有,有,23600000,167853,坡道平面,36.21,1900000,預售屋、或土地及建物分件登記案件；,RPTPMLPLJIJGFGF88DA,82.7,0.0,2.98,有,
板橋區,房地(土地+建物)+車位,新北市板橋區華江三路２６１號十樓,8.83,商,,,1100324,土地1建物1車位1,十層,十五層,住宅大樓(11層含以上有電梯),住家用,鋼筋混凝土造,1140107,111.84,3,2,2,有,有,15760000,163243,坡道平面,29.08,2250000,含傢俱設備費；預售屋、或土地及建物分件登記案件；,RPSPMLQJJHKGFAF08DA,47.72,0.0,6.4,有,
板橋區,房地(土地+建物)+車位,新北市板橋區華江三路２６１號十一樓,8.83,商,,,1100305,土地1建物1車位1,十一層,十五層,住宅大樓(11層含以上有電梯),住家用,鋼筋混凝土造,1140107,111.84,3,2,2,有,有,15500000,158893,坡道平面,29.08,2350000,含傢俱設備費；預售屋、或土地及建物分件登記案件；,RPTPMLQJJHKGFAF18DA,47.72,0.0,6.4,有,
板橋區,房地(土地+建物)+車位,新北市板橋區華江三路２７７號六樓,8.41,商,,,1100304,土地1建物1車位1,六層,十五層,住宅大樓(11層含以上有電梯),辦公用,鋼筋混凝土造,1140107,107.50999999999999,0,0,0,無,有,12560000,132092,坡道平面,29.08,2200000,預售屋、或土地及建物分件登記案件；,RPPUMLPKJHKGFAF28DA,47.44,0.0,3.54,有,
板橋區,房地(土地+建物)+車位,新北市板橋區華江三路２７７號十四樓,8.83,商,,,1100312,土地1建物1車位1,十四層,十五層,住宅大樓(11層含以上有電梯),住家用,鋼筋混凝土造,1140107,111.03,3,2,2,有,有,15230000,157169,坡道平面,29.08,2350000,預售屋、或土地及建物分件登記案件；,RPQVMLPKJHKGFAF48DA,47.19,0.0,6.4,有,
板橋區,房地(土地+建物)+車位,新北市板橋區華江三路２７７號十三樓,8.83,商,,,1100314,土地1建物1車位1,十三層,十五層,住宅大樓(11層含以上有電梯),住家用,鋼筋混凝土造,1140107,111.03,3,2,2,有,有,14580000,149847,坡道平面,29.08,2300000,預售屋、或土地及建物分件登記案件；,RPSVMLPKJHKGFAF68DA,47.19,0.0,6.4,有,
板橋區,房地(土地+建物)+車位,新北市板橋區華江三路２７９號十二樓,9.69,商,,,1100311,土地1建物1車位1,十二層,十五層,住宅大樓(11層含以上有電梯),住家用,鋼筋混凝土造,1140107,118.9,3,2,2,有,有,15860000,150969,坡道平面,29.08,2300000,含傢俱設備費；預售屋、或土地及建物分件登記案件；,RPSWMLPKJHKGFAF78DA,55.32,0.0,3.42,有,
土城區,房地(土地+建物)+車位,新北市土城區青和街２９３號十樓,21.73,住,,,1100330,土地1建物1車位1,十層,十二層,住宅大樓(11層含以上有電梯),住家用,鋼筋混凝土造,1131015,146.14999999999998,3,1,2,有,有,14200000,97160,坡道平面,40.57,0,原王○○113/04/30更名預售屋、或土地及建物分件登記案件；,RPSNMLTKJHKGFAF28DA,61.91,0.0,7.19,有,
土城區,房地(土地+建物)+車位,新北市土城區青和街２９５號九樓,21.89,住,,,1100331,土地1建物1車位1,九層,十二層,住宅大樓(11層含以上有電梯),住家用,鋼筋混凝土造,1131015,146.89999999999998,3,1,2,有,有,14060000,95711,坡道平面,40.57,0,預售屋、或土地及建物分件登記案件；,RPXNMLTKJHKGFAF78DA,62.36,0.0,7.24,有,
土城區,房地(土地+建物)+車位,新北市土城區青和街２９３號九樓,21.73,住,,,1100330,土地1建物1車位1,九層,十二層,住宅大樓(11層含以上有電梯),住家用,鋼筋混凝土造,1131015,146.14999999999998,3,1,2,有,有,14030000,95997,坡道平面,40.57,0,預售屋、或土地及建物分件登記案件；,RPUOMLTKJHKGFAF58DA,61.91,0.0,7.19,有,
土城區,房地(土地+建物)+車位,新北市土城區青和街２９３號十一樓,21.73,住,,,1100331,土地1建物1車位1,十一層,十二層,住宅大樓(11層含以上有電梯),住家用,鋼筋混凝土造,1131015,146.14999999999998,3,1,2,有,有,14320000,97982,坡道平面,40.57,0,預售屋、或土地及建物分件登記案件；,RPVOMLTKJHKGFAF68DA,61.91,0.0,7.19,有,
土城區,房地(土地+建物)+車位,新北市土城區青和街２９１號二樓,21.85,住,,,1100329,土地1建物1車位1,二層,十一層,住宅大樓(11層含以上有電梯),住家用,鋼筋混凝土造,1131015,144.33999999999997,3,1,2,有,有,13950000,96647,坡道平面,40.57,0,原宜○○113/08/31更名預售屋、或土地及建物分件登記案件；,RPXOMLTKJHKGFAF88DA,62.27,0.0,4.83,有,
土城區,房地(土地+建物)+車位,新北市土城區青和街２９１號十樓,21.85,住,,,1100330,土地1建物1車位1,十層,十一層,住宅大樓(11層含以上有電梯),住家用,鋼筋混凝土造,1131015,144.39999999999998,3,1,2,有,有,13850000,95914,坡道平面,40.57,0,預售屋、或土地及建物分件登記案件；,RPSPMLTKJHKGFAF48DA,62.31,0.0,4.85,有,
土城區,房地(土地+建物)+車位,新北市土城區青和街２９５號四樓,21.89,住,,,1100328,土地1建物1車位1,四層,十二層,住宅大樓(11層含以上有電梯),住家用,鋼筋混凝土造,1131015,146.89999999999998,3,1,2,有,有,13600000,92580,坡道平面,40.57,0,原江○○111/08/06更名預售屋、或土地及建物分件登記案件；,RPWPMLTKJHKGFAF88DA,62.36,0.0,7.24,有,
板橋區,房地(土地+建物)+車位,新北市板橋區華江三路２７３號十一樓,9.69,商,,,1100312,土地1建物1車位1,十一層,十五層,住宅大樓(11層含以上有電梯),住家用,鋼筋混凝土造,1140107,118.91,3,2,2,有,有,16200000,153624,坡道平面,29.08,2400000,113.3.30讓渡含傢俱設備費；預售屋、或土地及建物分件登記案件；,RPTOOLRJKHKGFAF48DA,55.32,0.0,3.43,有,
淡水區,房地(土地+建物)+車位,新北市淡水區中山北路三段３５號六樓,20.88,住,,,1100328,土地1建物1車位1,六層,十五層,住宅大樓(11層含以上有電梯),住家用,鋼筋混凝土造,1131128,151.47000000000003,3,2,2,有,有,11550000,82817,坡道平面,31.93,1650000,預售屋、或土地及建物分件登記案件；,RPQNMLMLKHKGFEF97DA,74.74,1.61,3.33,有,
淡水區,房地(土地+建物)+車位,新北市淡水區中山北路三段３７號五樓,16.69,住,,,1100313,土地1建物1車位1,五層,十五層,住宅大樓(11層含以上有電梯),住家用,鋼筋混凝土造,1131128,127.32,2,2,2,有,有,9570000,84076,坡道平面,31.93,1550000,預售屋、或土地及建物分件登記案件；,RPRNMLMLKHKGFEF08DA,56.46,3.19,3.9,有,
新店區,房地(土地+建物)+車位,新北市新店區央北二路４０３號三樓,17.13,住,,,1100307,土地1建物1車位1,三層,十四層,住宅大樓(11層含以上有電梯),住家用,鋼筋混凝土構造,1130904,114.66999999999999,2,2,2,有,有,18880000,187166,坡道平面,24.75,2050000,113/06/04直系親屬間轉讓，原價轉讓。預售屋、或土地及建物分件登記案件；,RPRNMLLLKHKGFCF77DA,54.04,0.0,5.33,有,
板橋區,房地(土地+建物)+車位,新北市板橋區華江三路２６５號二樓,8.26,商,,,1100221,土地1建物1車位1,二層,十五層,住宅大樓(11層含以上有電梯),辦公用,鋼筋混凝土造,1140107,105.88,0,0,0,無,有,12880000,135807,坡道平面,29.08,2450000,含傢俱設備費；預售屋、或土地及建物分件登記案件；,RPROMLOKJHKGFAF77DA,46.02,0.0,3.9,有,
板橋區,房地(土地+建物)+車位,新北市板橋區華江三路２６５號十三樓,10.54,商,,,1100220,土地1建物1車位1,十三層,十五層,住宅大樓(11層含以上有電梯),住家用,鋼筋混凝土造,1140107,126.6,3,2,2,有,有,17500000,157404,坡道平面,29.08,2150000,110.12.23讓渡金額1790萬含傢俱設備費；預售屋、或土地及建物分件登記案件；,RPQVMLOKJHKGFAF38DA,60.38,0.0,3.4,有,
板橋區,房地(土地+建物),新北市板橋區華江三路２６７號八樓,6.55,商,,,1100205,土地1建物1車位0,八層,十五層,住宅大樓(11層含以上有電梯),住家用,鋼筋混凝土造,1140107,61.0,2,1,1,有,有,10450000,171311,,0.0,0,含傢俱設備費；預售屋、或土地及建物分件登記案件；,RPXVMLOKJHKGFAF09DA,34.09,0.0,5.8,有,
板橋區,房地(土地+建物)+車位,新北市板橋區華江三路２７３號八樓,9.69,商,,,1100222,土地1建物1車位1,八層,十五層,住宅大樓(11層含以上有電梯),住家用,鋼筋混凝土造,1140107,118.91,3,2,2,有,有,15680000,150618,坡道平面,29.08,2150000,預售屋、或土地及建物分件登記案件；,RPSRMLPKJHKGFAF28DA,55.32,0.0,3.43,有,
板橋區,房地(土地+建物),新北市板橋區華江三路２７５號十二樓,8.83,商,,,1100211,土地1建物1車位0,十二層,十五層,住宅大樓(11層含以上有電梯),住家用,鋼筋混凝土造,1140107,81.95,3,2,2,有,有,13500000,164735,,0.0,0,含傢俱設備費；預售屋、或土地及建物分件登記案件；,RPTTMLPKJHKGFAF58DA,47.19,0.0,6.4,有,
板橋區,房地(土地+建物)+車位,新北市板橋區華江三路２８１號七樓,6.98,商,,,1100212,土地1建物1車位1,七層,十五層,住宅大樓(11層含以上有電梯),住家用,鋼筋混凝土造,1140107,93.84,2,1,1,有,有,12300000,156733,坡道平面,29.08,2150000,買方111年8月6日辦理換約買方主張換約交易金額為:壹仟參佰伍拾萬含傢俱設備費；預售屋、或土地及建物分件登記案件；,RPPNNLPKJHKGFAF67DA,39.41,0.0,2.94,有,
板橋區,房地(土地+建物)+車位,新北市板橋區華江三路２７９號十樓,9.69,商,,,1100222,土地1建物1車位1,十層,十五層,住宅大樓(11層含以上有電梯),住家用,鋼筋混凝土造,1140107,118.9,3,2,2,有,有,15540000,149633,坡道平面,29.08,2100000,113.6.8夫妻讓渡預售屋、或土地及建物分件登記案件；,RPVUOLRJKHKGFAF66DA,55.32,0.0,3.42,有,
板橋區,房地(土地+建物)+車位,新北市板橋區華江三路２７９號十四樓,9.69,商,,,1100220,土地1建物1車位1,十四層,十五層,住宅大樓(11層含以上有電梯),住家用,鋼筋混凝土造,1140107,118.9,3,2,2,有,有,16000000,152527,坡道平面,29.08,2300000,112.6.11讓渡含傢俱設備費；預售屋、或土地及建物分件登記案件；,RPTVOLRJKHKGFAF56DA,55.32,0.0,3.42,有,
板橋區,房地(土地+建物)+車位,新北市板橋區華江三路２５９號九樓,10.4,商,,,1100201,土地1建物1車位1,九層,十五層,住宅大樓(11層含以上有電梯),住家用,鋼筋混凝土造,1140107,125.86,3,2,2,有,有,17300000,153441,坡道平面,29.08,2450000,111/05/18讓渡	113/07/18二次讓渡含傢俱設備費；預售屋、或土地及建物分件登記案件；,RPWQMLRKKHKGFAF88DA,59.97,0.0,3.32,有,
林口區,房地(土地+建物)+車位,新北市林口區文化三路一段１９１巷１９號五樓,8.51,住,,,1100203,土地1建物1車位1,五層,二十七層,住宅大樓(11層含以上有電梯),住家用,鋼筋混凝土造,1131129,85.06,2,1,1,有,有,9680000,128643,坡道平面,25.36,2000000,預售屋、或土地及建物分件登記案件；,RPUQMLNKKHKGFBF38DA,35.2,0.0,4.25,有,
板橋區,房地(土地+建物)+車位,新北市板橋區華江三路２５９號十樓,10.4,商,,,1100109,土地1建物1車位1,十層,十五層,住宅大樓(11層含以上有電梯),住家用,鋼筋混凝土造,1140107,125.86,3,2,2,有,有,16720000,150031,坡道平面,29.08,2200000,含傢俱設備費；預售屋、或土地及建物分件登記案件；,RPSOMLQJJHKGFAF97DA,59.97,0.0,3.32,有,
板橋區,房地(土地+建物)+車位,新北市板橋區華江三路２７３號十樓,9.69,商,,,1100114,土地1建物1車位1,十層,十五層,住宅大樓(11層含以上有電梯),住家用,鋼筋混凝土造,1140107,118.91,3,2,2,有,有,16200000,156407,坡道平面,29.08,2150000,含傢俱設備費；預售屋、或土地及建物分件登記案件；,RPVRMLPKJHKGFAF58DA,55.32,0.0,3.43,有,
板橋區,房地(土地+建物)+車位,新北市板橋區華江三路２７３號十四樓,9.69,商,,,1100130,土地1建物1車位1,十四層,十五層,住宅大樓(11層含以上有電梯),住家用,鋼筋混凝土造,1140107,118.91,3,2,2,有,有,16180000,152844,坡道平面,29.08,2450000,含傢俱設備費；預售屋、或土地及建物分件登記案件；,RPPSMLPKJHKGFAF08DA,55.32,0.0,3.43,有,
板橋區,房地(土地+建物),新北市板橋區華江三路２７５號四樓,6.55,商,,,1100130,土地1建物1車位0,四層,十五層,住宅大樓(11層含以上有電梯),辦公用,鋼筋混凝土造,1140107,60.51,0,0,0,無,有,9000000,148736,,0.0,0,預售屋、或土地及建物分件登記案件；,RPVSMLPKJHKGFAF68DA,36.78,0.0,2.55,有,
板橋區,房地(土地+建物)+車位,新北市板橋區華江三路２７５號六樓,6.55,商,,,1100115,土地1建物1車位1,六層,十五層,住宅大樓(11層含以上有電梯),辦公用,鋼筋混凝土造,1140107,89.59,0,0,0,無,有,10500000,138820,坡道平面,29.08,2100000,含傢俱設備費；預售屋、或土地及建物分件登記案件；,RPXSMLPKJHKGFAF88DA,36.78,0.0,2.55,有,
板橋區,房地(土地+建物)+車位,新北市板橋區華江三路２７３號九樓,9.69,商,,,1100115,土地1建物1車位1,九層,十五層,住宅大樓(11層含以上有電梯),住家用,鋼筋混凝土造,1140107,118.91,3,2,2,有,有,15850000,151397,坡道平面,29.08,2250000,含傢俱設備費；預售屋、或土地及建物分件登記案件；,RPXQNLPKJHKGFAF78DA,55.32,0.0,3.43,有,
板橋區,房地(土地+建物)+車位,新北市板橋區華江三路２７３號十二樓,9.69,商,,,1100115,土地1建物1車位1,十二層,十五層,住宅大樓(11層含以上有電梯),住家用,鋼筋混凝土造,1140107,118.91,3,2,2,有,有,16000000,153624,坡道平面,29.08,2200000,111.12.26讓渡113.6.2讓渡含傢俱設備費；預售屋、或土地及建物分件登記案件；,RPPPOLRJKHKGFAF18DA,55.32,0.0,3.43,有,
板橋區,房地(土地+建物)+車位,新北市板橋區華江三路２６１號十四樓,8.83,商,,,1100123,土地1建物1車位1,十四層,十五層,住宅大樓(11層含以上有電梯),住家用,鋼筋混凝土造,1140107,109.50999999999999,3,2,2,有,有,15480000,160464,坡道平面,26.75,2200000,113/07/02二親等讓與含傢俱設備費；預售屋、或土地及建物分件登記案件；,RPTSMLRKKHKGFAF78DA,47.72,0.0,6.4,有,
汐止區,房地(土地+建物)+車位,新北市汐止區樟樹二路３３０巷６號五樓之２,17.36,住,,,1100128,土地1建物1車位1,五層,十五層,住宅大樓(11層含以上有電梯),住家用,鋼筋混凝土構造,1130926,133.14,3,2,2,有,有,12220000,101967,坡道平面,30.46,1750000,土地申報書序號:A2FD11305020014房屋及車位合計:6775600元合建案建商與地主間之交易；預售屋、或土地及建物分件登記案件；,RPPNMLSKKHKGFDF28DA,62.81,0.0,4.13,有,
汐止區,房地(土地+建物)+車位,新北市汐止區樟樹二路３３０巷６號六樓之２,17.36,住,,,1100128,土地1建物1車位1,六層,十五層,住宅大樓(11層含以上有電梯),住家用,鋼筋混凝土構造,1130926,134.16,3,2,2,有,有,12410000,102854,坡道平面,31.49,1850000,土地申報書序號:A2FD11305020014房屋及車位合計:6918800元建設補地主460000元，折扣後437000元合建案建商與地主間之交易；預售屋、或土地及建物分件登記案件；,SPPNMLSKKHKGFDF38DA,62.81,0.0,4.13,有,
汐止區,房地(土地+建物),新北市汐止區樟樹二路３３０巷８號三樓之１,8.48,住,,,1100128,土地1建物1車位0,三層,十五層,住宅大樓(11層含以上有電梯),住家用,鋼筋混凝土構造,1130926,50.449999999999996,0,0,0,無,有,5420000,107433,,0.0,0,土地申報書序號:A2FD11305020014房屋及車位合計:2601600元合建案建商與地主間之交易；預售屋、或土地及建物分件登記案件；,TPPNMLSKKHKGFDF48DA,29.37,0.0,3.43,有,
板橋區,房地(土地+建物)+車位,新北市板橋區華江三路２７７號十樓,8.83,商,,,1100104,土地1建物1車位1,十層,十五層,住宅大樓(11層含以上有電梯),住家用,鋼筋混凝土造,1140107,111.03,3,2,2,有,有,14760000,155095,坡道平面,29.08,2050000,113.6.10夫妻讓渡含傢俱設備費；預售屋、或土地及建物分件登記案件；,RPOUOLRJKHKGFAF58DA,47.19,0.0,6.4,有,
板橋區,房地(土地+建物)+車位,新北市板橋區華江三路２６１號九樓,8.83,商,,,1091211,土地1建物1車位1,九層,十五層,住宅大樓(11層含以上有電梯),住家用,鋼筋混凝土造,1140107,111.84,3,2,2,有,有,15170000,157322,坡道平面,29.08,2150000,預售屋、或土地及建物分件登記案件；,RPRPMLQJJHKGFAF97DA,47.72,0.0,6.4,有,
板橋區,房地(土地+建物)+車位,新北市板橋區華江三路２７７號五樓,8.41,商,,,1091212,土地1建物1車位1,五層,十五層,住宅大樓(11層含以上有電梯),辦公用,鋼筋混凝土造,1140107,107.50999999999999,0,0,0,無,有,12710000,135917,坡道平面,29.08,2050000,含傢俱設備費；預售屋、或土地及建物分件登記案件；,RPOUMLPKJHKGFAF18DA,47.44,0.0,3.54,有,
板橋區,房地(土地+建物)+車位,新北市板橋區華江三路２８１號六樓,8.41,商,,,1091211,土地1建物1車位1,六層,十五層,住宅大樓(11層含以上有電梯),辦公用,鋼筋混凝土造,1140107,105.00999999999999,0,0,0,無,有,12580000,132635,坡道平面,26.75,2200000,含傢俱設備費；預售屋、或土地及建物分件登記案件；,RPONNLPKJHKGFAF57DA,47.33,0.0,3.54,有,
板橋區,房地(土地+建物)+車位,新北市板橋區華江三路２５９號十一樓,10.4,商,,,1091225,土地1建物1車位1,十一層,十五層,住宅大樓(11層含以上有電梯),住家用,鋼筋混凝土造,1140107,125.86,3,2,2,有,有,17500000,157057,坡道平面,29.08,2300000,112.6.9讓渡含傢俱設備費；預售屋、或土地及建物分件登記案件；,RPOSMLPJKHKGFAF97DA,59.97,0.0,3.32,有,
板橋區,房地(土地+建物)+車位,新北市板橋區華江三路２６３號十二樓,8.26,商,,,1091219,土地1建物1車位1,十二層,十五層,住宅大樓(11層含以上有電梯),住家用,鋼筋混凝土造,1140107,106.55,3,2,2,有,有,15060000,162773,坡道平面,29.08,2450000,113.6.2二親等讓與含傢俱設備費；預售屋、或土地及建物分件登記案件；,RPPTNLRJKHKGFAF48DA,44.84,0.0,5.82,有,
板橋區,房地(土地+建物)+車位,新北市板橋區華江三路２７１號五樓,6.55,商,,,1091218,土地1建物1車位1,五層,十五層,住宅大樓(11層含以上有電梯),辦公用,鋼筋混凝土造,1140107,87.84,0,0,0,無,有,10780000,142085,坡道平面,26.75,2100000,含傢俱設備費；預售屋、或土地及建物分件登記案件；,RPUPMLPKJHKGFAF28DA,35.52,0.0,4.18,有,
板橋區,房地(土地+建物)+車位,新北市板橋區華江三路２６３號十四樓,8.41,商,,,1091211,土地1建物1車位1,十四層,十五層,住宅大樓(11層含以上有電梯),住家用,鋼筋混凝土造,1140107,106.55,3,2,2,有,有,14700000,163289,坡道平面,29.08,2050000,含傢俱設備費；預售屋、或土地及建物分件登記案件；,RPOVNLPKJHKGFAF38DA,44.84,0.0,5.82,有,
板橋區,房地(土地+建物)+車位,新北市板橋區華江三路２６３號十五樓,8.41,商,,,1091229,土地1建物1車位1,十五層,十五層,住宅大樓(11層含以上有電梯),住家用,鋼筋混凝土造,1140107,106.55,3,2,2,有,有,14900000,164580,坡道平面,29.08,2150000,含傢俱設備費；預售屋、或土地及建物分件登記案件；,RPPVNLPKJHKGFAF48DA,44.84,0.0,5.82,有,
板橋區,房地(土地+建物)+車位,新北市板橋區華江一路４２３號六樓,28.62,住,,,1091205,土地1建物1車位2,六層,二十二層,住宅大樓(11層含以上有電梯),住家用,鋼筋混凝土造,1131128,235.42000000000002,4,2,2,有,無,35780000,176685,坡道平面,60.08,4800000,預售屋、或土地及建物分件登記案件；,RPUOMLNKKHKGFAF08DA,101.6,0.0,13.79,有,
板橋區,房地(土地+建物)+車位,新北市板橋區華江三路２７１號二樓,6.41,商,,,1091127,土地1建物1車位1,二層,十五層,住宅大樓(11層含以上有電梯),辦公用,鋼筋混凝土造,1140107,87.03999999999999,0,0,0,無,有,9990000,132526,坡道平面,26.75,2000000,含傢俱設備費；預售屋、或土地及建物分件登記案件；,RPRPMLPKJHKGFAF97DA,32.44,0.0,6.74,有,
板橋區,房地(土地+建物)+車位,新北市板橋區華江三路２７５號七樓,8.83,商,,,1091130,土地1建物1車位1,七層,十五層,住宅大樓(11層含以上有電梯),住家用,鋼筋混凝土造,1140107,111.03,3,2,2,有,有,14750000,154362,坡道平面,29.08,2100000,含傢俱設備費；預售屋、或土地及建物分件登記案件；,RPOTMLPKJHKGFAF08DA,47.19,0.0,6.4,有,
板橋區,房地(土地+建物)+車位,新北市板橋區華江三路２７５號九樓,8.83,商,,,1091126,土地1建物1車位1,九層,十五層,住宅大樓(11層含以上有電梯),住家用,鋼筋混凝土造,1140107,111.03,3,2,2,有,有,15430000,161440,坡道平面,29.08,2200000,買方於110.12.29受讓取得並於111.1.4加購車位220萬預售屋申報書序號：B1FA11101260002含傢俱設備費；預售屋、或土地及建物分件登記案件；,RPRTMLPKJHKGFAF38DA,47.19,0.0,6.4,有,
板橋區,房地(土地+建物)+車位,新北市板橋區華江三路２７７號九樓,8.83,商,,,1091126,土地1建物1車位1,九層,十五層,住宅大樓(11層含以上有電梯),住家用,鋼筋混凝土造,1140107,111.03,3,2,2,有,有,14680000,153508,坡道平面,29.08,2100000,預售屋、或土地及建物分件登記案件；,RPSUMLPKJHKGFAF58DA,47.19,0.0,6.4,有,
板橋區,房地(土地+建物)+車位,新北市板橋區華江三路２８１號三樓,8.41,商,,,1091126,土地1建物1車位1,三層,十五層,住宅大樓(11層含以上有電梯),辦公用,鋼筋混凝土造,1140107,107.35,0,0,0,無,有,13000000,139262,坡道平面,29.08,2100000,含傢俱設備費；預售屋、或土地及建物分件登記案件；,RPVWMLPKJHKGFAF09DA,47.33,0.0,3.54,有,
板橋區,房地(土地+建物)+車位,新北市板橋區華江三路２６５號九樓,10.54,商,,,1091121,土地1建物1車位1,九層,十五層,住宅大樓(11層含以上有電梯),住家用,鋼筋混凝土造,1140107,124.27000000000001,3,2,2,有,有,17070000,152482,坡道平面,26.75,2200000,含傢俱設備費；預售屋、或土地及建物分件登記案件；,RPWQNLPKJHKGFAF68DA,60.38,0.0,3.4,有,
板橋區,房地(土地+建物)+車位,新北市板橋區華江三路２７５號十樓,8.83,商,,,1091125,土地1建物1車位1,十層,十五層,住宅大樓(11層含以上有電梯),住家用,鋼筋混凝土造,1140107,111.03,3,2,2,有,有,14800000,154362,坡道平面,29.08,2150000,含傢俱設備費；預售屋、或土地及建物分件登記案件；,RPORNLPKJHKGFAF97DA,47.19,0.0,6.4,有,
板橋區,房地(土地+建物)+車位,新北市板橋區華江三路２６５號十五樓,10.54,商,,,1091128,土地1建物1車位1,十五層,十五層,住宅大樓(11層含以上有電梯),住家用,鋼筋混凝土造,1140107,126.6,3,2,2,有,有,17800000,157404,坡道平面,29.08,2450000,110.10.29轉讓金額1858萬預售屋、或土地及建物分件登記案件；,RPXOMLQKJHKGFAF58DA,60.38,0.0,3.4,有,
板橋區,房地(土地+建物)+車位,新北市板橋區華江三路２６１號十五樓,8.83,商,,,1091124,土地1建物1車位1,十五層,十五層,住宅大樓(11層含以上有電梯),住家用,鋼筋混凝土造,1140107,111.84,3,2,2,有,有,15680000,162881,坡道平面,29.08,2200000,112.3.28讓渡金額1735萬含傢俱設備費；預售屋、或土地及建物分件登記案件；,RPQQMLQKJHKGFAF08DA,47.72,0.0,6.4,有,
板橋區,房地(土地+建物)+車位,新北市板橋區華江三路２６３號十一樓,8.26,商,,,1091128,土地1建物1車位1,十一層,十五層,住宅大樓(11層含以上有電梯),住家用,鋼筋混凝土造,1140107,106.55,3,2,2,有,有,14680000,159804,坡道平面,29.08,2300000,113.6.2二親等讓渡含傢俱設備費；預售屋、或土地及建物分件登記案件；,RPPSNLRJKHKGFAF38DA,44.84,0.0,5.82,有,
板橋區,房地(土地+建物)+車位,新北市板橋區華江三路２６３號十三樓,8.26,商,,,1091125,土地1建物1車位1,十三層,十五層,住宅大樓(11層含以上有電梯),住家用,鋼筋混凝土造,1140107,106.55,3,2,2,有,有,14600000,161353,坡道平面,29.08,2100000,110.9.2讓渡含傢俱設備費；預售屋、或土地及建物分件登記案件；,RPQTNLRJKHKGFAF58DA,44.84,0.0,5.82,有,
板橋區,房地(土地+建物)+車位,新北市板橋區華江三路２７５號八樓,8.83,商,,,1091126,土地1建物1車位1,八層,十五層,住宅大樓(11層含以上有電梯),住家用,鋼筋混凝土造,1140107,111.03,3,2,2,有,有,14700000,153142,坡道平面,29.08,2150000,112.5.16讓渡含傢俱設備費；預售屋、或土地及建物分件登記案件；,RPWPOLRJKHKGFAF88DA,47.19,0.0,6.4,有,
板橋區,房地(土地+建物)+車位,新北市板橋區華江三路２７７號十一樓,8.83,商,,,1091127,土地1建物1車位1,十一層,十五層,住宅大樓(11層含以上有電梯),住家用,鋼筋混凝土造,1140107,111.03,3,2,2,有,有,14900000,152532,坡道平面,29.08,2400000,111.8.15夫妻讓渡113.6.2夫妻讓渡含傢俱設備費；預售屋、或土地及建物分件登記案件；,RPUUOLRJKHKGFAF56DA,47.19,0.0,6.4,有,
板橋區,房地(土地+建物)+車位,新北市板橋區華江三路２７７號七樓,8.83,商,,,1091121,土地1建物1車位1,七層,十五層,住宅大樓(11層含以上有電梯),住家用,鋼筋混凝土造,1140107,111.03,3,2,2,有,有,14850000,156193,坡道平面,29.08,2050000,113/06/01夫妻讓渡含傢俱設備費；預售屋、或土地及建物分件登記案件；,RPPPMLRKKHKGFAF08DA,47.19,0.0,6.4,有,
板橋區,房地(土地+建物)+車位,新北市板橋區華江三路２６５號十樓,10.54,商,,,1091125,土地1建物1車位1,十層,十五層,住宅大樓(11層含以上有電梯),住家用,鋼筋混凝土造,1140107,124.27000000000001,3,2,2,有,有,17090000,154225,坡道平面,26.75,2050000,112.3.3讓渡金額1850萬預售屋、或土地及建物分件登記案件；,RPUOMLOKJHKGFAF08DA,60.38,0.0,3.4,有,
板橋區,房地(土地+建物)+車位,新北市板橋區華江三路２７５號十一樓,8.83,商,,,1091127,土地1建物1車位1,十一層,十五層,住宅大樓(11層含以上有電梯),住家用,鋼筋混凝土造,1140107,111.03,3,2,2,有,有,14900000,152532,坡道平面,29.08,2400000,含傢俱設備費；預售屋、或土地及建物分件登記案件；,RPSTMLPKJHKGFAF48DA,47.19,0.0,6.4,有,
板橋區,房地(土地+建物)+車位,新北市板橋區華江三路２７９號九樓,9.69,商,,,1091126,土地1建物1車位1,九層,十五層,住宅大樓(11層含以上有電梯),住家用,鋼筋混凝土造,1140107,118.9,3,2,2,有,有,15500000,149744,坡道平面,29.08,2050000,含傢俱設備費；預售屋、或土地及建物分件登記案件；,RPPWMLPKJHKGFAF48DA,55.32,0.0,3.42,有,
板橋區,房地(土地+建物)+車位,新北市板橋區華江三路２７７號八樓,8.83,商,,,1091126,土地1建物1車位1,八層,十五層,住宅大樓(11層含以上有電梯),住家用,鋼筋混凝土造,1140107,111.03,3,2,2,有,有,14700000,153142,坡道平面,29.08,2150000,113.3.30讓渡含傢俱設備費；預售屋、或土地及建物分件登記案件；,RPWQOLRJKHKGFAF98DA,47.19,0.0,6.4,有,
板橋區,房地(土地+建物)+車位,新北市板橋區華江一路４２９號十一樓,28.19,住,,,1091010,土地1建物1車位1,十一層,二十二層,住宅大樓(11層含以上有電梯),住家用,鋼筋混凝土造,1131128,235.42000000000002,4,2,2,有,無,34900000,159704,坡道平面,30.04,2100000,原買方於111/09/01讓渡予權利人，交易總價不變預售屋、或土地及建物分件登記案件；,RPOSMLRKKHKGFAF28DA,101.6,0.0,13.79,有,
板橋區,車位,新北市板橋區華江一路４２１號三樓等,0.43,住,,,1091010,土地1建物1車位1,,,其他,,,,30.04,0,0,0,無,無,2400000,,坡道平面,30.04,2400000,原買方於111/09/1讓渡予權利人，交易總價不變僅車位交易；預售屋、或土地及建物分件登記案件；,RPPOMLSKKHKGFAF08DA,0.0,0.0,0.0,有,
板橋區,房地(土地+建物)+車位,新北市板橋區華江一路４３５號十四樓,23.49,住,,,1090925,土地1建物1車位1,十四層,二十二層,住宅大樓(11層含以上有電梯),住家用,鋼筋混凝土造,1131128,175.89999999999998,3,2,2,有,無,28580000,181544,坡道平面,30.04,2100000,原買方於113/10/14讓渡予權利人，交易總價不變預售屋、或土地及建物分件登記案件；,RPXOMLLLKHKGFAF28DA,90.25,0.0,5.74,有,
新莊區,房地(土地+建物)+車位,新北市新莊區坡雅路６３號十一樓,21.02,住,,,1090819,土地2建物1車位2,十一層,十五層,住宅大樓(11層含以上有電梯),住家用,鋼筋混凝土造,1130807,180.9,2,2,2,有,有,18880000,121731,坡道平面,57.02,3800000,新成屋尚未成立管委會，後達一定交屋戶數後成立管委會。本約於民國113年12月23日轉讓，交易總價不變。,RPTNMLLLKHKGFBF87DA,76.55,0.0,4.84,有,
板橋區,房地(土地+建物)+車位,新北市板橋區華江一路４２７號十九樓,24.21,住,,,1090818,土地1建物1車位1,十九層,二十二層,住宅大樓(11層含以上有電梯),住家用,鋼筋混凝土造,1131128,180.92000000000002,3,2,2,有,無,30000000,183590,坡道平面,30.04,2300000,預售屋、或土地及建物分件登記案件；,RPPRMLKLKHKGFAF67DA,90.12,0.0,9.17,有,
板橋區,房地(土地+建物)+車位,新北市板橋區實踐路７３號二十七樓,21.76,住,,,1090107,土地1建物1車位2,二十七層,二十九層,住宅大樓(11層含以上有電梯),住家用,鋼骨鋼筋混凝土造,1121102,279.03,4,2,3,有,有,45800000,191592,坡道平面,61.38,4100000,1.於民國112年01月03日簽訂房屋預定買賣契約書買賣總價款為新台幣肆仟捌佰柒拾貳萬元整。2.於民國112年01月05日簽訂更名協議書預售屋、或土地及建物分件登記案件；,RPXPNLOKJHKGFAF58DA,130.19,6.26,14.06,有,
